# Model:              HydroFlux_CAD_211205_improved_sensor2_FINAL_workingfile.mph
# Version:            COMSOL 5.5.0.359
# Date:               Jan 14 2022, 18:04
# Dimension:          3
# Nodes:              472
# Expressions:        5
# Description:        Velocity field, x component, Turbulence intensity, U+, k+, 
# Length unit:        m
# x                       y                        z                        u (m/s)                  sqrt(2/3*k)/spf.U (1)    uplus (1)                k/u_tau_probe^2 (1)      yplus (1)
0.185                     0.065                    0.046284976251694934     18.310200795586674       0.07418878919888898      24.512497140492044       4.963362738547983        106.9275317384281
0.185                     0.065                    0.04611470955633293      17.966164549119384       0.07917561176984818      24.051923954981827       5.442868155625611        99.67543932260655
0.185                     0.065                    0.04633211671927063      18.40545154023157        0.07281157989346318      24.64001259659237        4.830605656970402        108.9804301858509
0.185                     0.065                    0.04724849390099249      20.72412819183876        0.037789519822747475     27.744104978033988       1.6502316803359283       156.6420884680904
0.185                     0.065                    0.04805267662326903      21.443214568202556       0.031228347549641076     28.706770704159336       1.2064269264473677       191.21188287818185
0.185                     0.065                    0.04834204953601584      21.7311773440538         0.02809777326604174      29.092276401143454       1.0030272726809963       205.19131731055634
0.185                     0.065                    0.04858019601050278      21.862129095047393       0.026753568230592096     29.267586025412925       0.9202959224098689       216.39158095893526
0.185                     0.065                    0.05004359049516455      22.657349065310722       0.015154590894708263     30.332174418776717       0.31705968148920777      295.40937096837496
0.185                     0.065                    0.05214579625547217      23.046296909416014       0.011915560805824999     30.85287230859612        0.20278452804557603      393.8386212863364
0.185                     0.065                    0.05254634981639245      23.11160951723207        0.011337459764193111     30.94030854865718        0.1846241906007484       415.8599076931674
0.185                     0.065                    0.08050849053201017      22.76580291212213        0.009895624449864877     30.477365322990106       0.1364379050938225       455.57993378543097
0.185                     0.065                    0.08086638371898651      22.75796066216358        0.010008626253053859     30.46686663256994        0.1394756681579668       440.05143053565575
0.185                     0.065                    0.08149207174568743      22.745663324188328       0.010377933728923946     30.450403762210446       0.1497965436820874       406.26581409010936
0.185                     0.065                    0.08175618117599018      22.742000935502254       0.010619431359511114     30.445500796197294       0.15679878920971463      391.7111795586818
0.185                     0.065                    0.08407716212853542      22.70858699945643        0.012538843186758636     30.400768407900753       0.2179605212267844       285.09219258465896
0.185                     0.065                    0.0838805343075962       22.70966838671669        0.012352579013555404     30.402216098312277       0.21155317926130937      295.1037799729371
0.185                     0.065                    0.08448464073269638      22.7063460033997         0.012916405442619837     30.3977683092101         0.23123867661701722      265.3566034125043
0.185                     0.065                    0.08235785569511596      22.732843479308535       0.011136685345988941     30.433241393841815       0.17230671998364036      361.3766238707702
0.185                     0.065                    0.08458867889123974      22.70506086742628        0.013016926798691908     30.396047853371012       0.23482529945739783      260.545290224492
0.185                     0.065                    0.07782902763342021      22.825931951241685       0.00913158078376366      30.557862140907794       0.11679691562409152      589.316415874088
0.185                     0.065                    0.07674979442978007      22.8616448325679         0.008917324814825324     30.605672206518797       0.11172904574907094      637.9227130501773
0.185                     0.065                    0.07984800980747062      22.780624565873875       0.009712145286757045     30.497207581917962       0.13159645162101333      484.73271699427033
0.185                     0.065                    0.05311470068394508      23.137855913881435       0.011069306710498772     30.975445504827032       0.17639017042245747      437.034450949757
0.185                     0.065                    0.05962603934779099      23.304518793787004       0.008678134088923274     31.19856284869014        0.10996215553863178      753.7625707160495
0.185                     0.065                    0.059131046181658944     23.302844996144557       0.008804259437389883     31.19632207807368        0.11316645949581951      723.6708484961442
0.185                     0.065                    0.060283604696390915     23.290109033718405       0.008603708492666631     31.179272006038          0.10794984029070681      774.6419620321803
0.185                     0.065                    0.05608136249991441      23.299732592632473       0.009432451247303325     31.192155396176428       0.12986531779169186      582.1111003457228
0.185                     0.065                    0.05801077152298694      23.301701681904127       0.00904007443740398      31.19479148387856        0.11930063921078563      666.7627240901198
0.185                     0.065                    0.05551398015861703      23.26877322662156        0.009763127410623532     31.150709025419154       0.13876332553631054      550.1893426179554
0.185                     0.065                    0.06615021304945896      23.150820406515983       0.00811954745664341      30.99280151813241        0.09499119354939572      917.6469129525603
0.185                     0.065                    0.06333074702843436      23.21829103335505        0.008247102624098987     31.083126772668038       0.09857305556590772      883.0438081611945
0.185                     0.065                    0.06717382788423427      23.129237153992488       0.008110672803979362     30.963907273788994       0.09460659143894844      918.7007651328795
0.185                     0.065                    0.07244076863152211      22.978040968047246       0.008244149198951797     30.761495726421945       0.09647172570417904      828.3539527030547
0.185                     0.065                    0.0757235946780168       22.889364714259813       0.008760503107628792     30.64278176792085        0.10809549636327462      677.2812461044974
0.185                     0.065                    0.07183145272497166      22.993694031157233       0.008208042229819157     30.782451021724658       0.09575895174567207      851.1711725230325
0.185                     0.065                    0.07041023302759016      23.035053428404773       0.008178242141782373     30.837820272891317       0.0954073224877568       870.9799113706418
0.185                     0.065                    0.044                    0.6660035970913886       0.3291799809557469       0.8916019792199662       0.129334712699167        0.4997484576300028
0.185                     0.065                    0.0440071941753446       0.9205565112146813       0.2579047420280998       1.2323807423373592       0.15164370382508005      0.8277085923601905
0.185                     0.065                    0.04401224449986435      1.0992531320491328       0.22686507496100655      1.4716080701051613       0.16730465723493         1.0583449802184985
0.185                     0.065                    0.04401750965620503      1.285551189246289        0.20323759739409594      1.7210117028291243       0.1836317997431992       1.2991512720449971
0.185                     0.065                    0.044020907701134294     1.4057848779782287       0.19111468397432188      1.8819726875902993       0.19416906781649834      1.454758665797035
0.185                     0.065                    0.08998758146376686      0.9689703381639664       1.0634991042238752E-5    1.2971940017823713       2.8548026589332763E-10   1.165517167675964
0.185                     0.065                    0.08997610778481543      1.424962582329622        1.1965929396371543E-6    1.9076465416524588       7.815930136631207E-12    1.7167102883447756
0.185                     0.065                    0.08998815310871495      0.946251761334992        1.1151068218402148E-5    1.2667798596452458       2.9931412827907655E-10   1.1381056510500192
0.185                     0.065                    0.08999999999999998      0.47542716229954096      3.105474902114882E-5     0.6364707348915964       5.860098080524138E-10    0.5710919772198234
0.185                     0.065                    0.0899891079261323       0.908304967853261        1.2057003882807907E-5    1.2159791788064003       3.224207988495265E-10    1.092330851510202
0.185                     0.065                    0.044344957933987794     9.324784541623126        0.19058011926690907      12.483410584297616       8.490589273146686        16.39110213156912
0.185                     0.065                    0.04437589157114773      9.498634023682023        0.18902016016123185      12.716148880257313       8.666531668395601        17.813640857747934
0.185                     0.065                    0.044397607042171286     9.620676684575468        0.18794718812775288      12.879531598424427       8.790043558254839        18.819586135712555
0.185                     0.065                    0.044420246250701984     9.747910823158529        0.18684740475307418      13.049864326776701       8.918809424190249        19.874819650952283
0.185                     0.065                    0.044434857221919644     9.830025634470068        0.1861475844533136       13.159794255996882       9.001912787033005        20.55940048973566
0.185                     0.065                    0.04420761179964747      7.9644571421495645       0.20499852599544338      10.66229339055467        7.166750530075753        10.036969382352348
0.185                     0.065                    0.044229093492119634     8.227167344550942        0.2020821490684776       11.01399259675311        7.431271585669325        11.024046121291288
0.185                     0.065                    0.04424417368033044      8.4115903969825          0.2001060228384386       11.26088609594723        7.61696586042176         11.720566190293834
0.185                     0.065                    0.0442598953529212       8.60385847798953         0.19810506446601633      11.518282005391798       7.8105592392857845       12.449891792638397
0.185                     0.065                    0.04427004186071125      8.72794512147188         0.1968444740547979       11.684401073527168       7.935501208112973        12.922318377734168
0.185                     0.065                    0.04429581989167786      8.933312866761442        0.19461990474970542      11.959333955222986       8.12650264083374         14.107672603980086
0.185                     0.065                    0.04431391611753083      9.077481407271348        0.1931024956416951       12.152337351332644       8.260586003105784        14.944927640429196
0.185                     0.065                    0.044332782124639744     9.22778262102944         0.19155767832752263      12.353550768574127       8.400373033084561        15.822347213022226
0.185                     0.065                    0.04411223253968889      5.5509228442619545       0.21787290941343598      7.431211807347274        3.932657271841232        5.64208424536294
0.185                     0.065                    0.04412715038168346      6.026603058904931        0.21724283729413635      8.068021312136269        4.6086483428840035       6.325881633529558
0.185                     0.065                    0.044137622734607626     6.360531457435923        0.2161770457563421       8.515062773095721        5.083195336485557        6.807654210964929
0.185                     0.065                    0.044148540562795664     6.708664576007101        0.21470288698355897      8.981120582551501        5.5779287150117725       7.311461615666551
0.185                     0.065                    0.04415558674876098      6.933343940060986        0.21360926240153         9.281906594151433        5.89722146520949         7.637449282131491
0.185                     0.065                    0.04417348815915445      7.2881418744826805       0.21060368445058428      9.756886822389045        6.334056420857869        8.459095836184627
0.185                     0.065                    0.04418605498266345      7.537210686673247        0.20851639962954466      10.090323829157349       6.6407153750708225       9.038398638833346
0.185                     0.065                    0.04419915637648909      7.796874443059687        0.2063678654240562       10.437944653034178       6.960419055672741        9.644558115567722
0.185                     0.065                    0.04404599694249545      2.529400701365701        0.19562927637040164      3.386195932615316        0.6584805734936954       2.602689475892975
0.185                     0.065                    0.044056356554991676     3.023306767030519        0.20995238970777919      4.047405012594311        1.0834785746878393       3.076204095023673
0.185                     0.065                    0.04406362902230013      3.3700297469972735       0.21271201785296692      4.511575020878791        1.3818279647800584       3.409456901937942
0.185                     0.065                    0.0440712108474307       3.731501705737418        0.21263329095733172      4.995489995591767        1.692868607185424        3.75763025013914
0.185                     0.065                    0.04407610403212883      3.9647897368973455       0.21165599406562158      5.307800726673268        1.8936090998376636       3.9827402866039714
0.185                     0.065                    0.044088535567124304     4.510565650804119        0.21780684112090656      6.038449760965333        2.595229521483271        4.551765299597476
0.185                     0.065                    0.04409726252789444      4.893701361051115        0.2189798951422368       6.551366746786349        3.087768367044882        4.952436662409855
0.185                     0.065                    0.04410636071805113      5.293134982842214        0.21864395147133564      7.086102308743193        3.6012589389068745       5.37122341933934
0.185                     0.065                    0.04402954071154781      1.792412236074344        0.20238533208741435      2.399564062778895        0.35393500118722265      1.8488147296004656
0.185                     0.065                    0.044035601100971516     2.0638253630932977       0.20171118510950958      2.762914174239589        0.46609098461472326      2.1260298102537183
0.185                     0.065                    0.04404191928858034      2.346783921712606        0.19840100886317535      3.1417205530699808       0.5830178840603806       2.4155542420394034
0.185                     0.065                    0.04447197758651157      9.998139123870676        0.18493989206145484      13.384853580807988       9.192062055856805        22.264807452677804
0.185                     0.065                    0.044498036151739834     10.116155107211771       0.18410431483069764      13.542845646895993       9.325547197482509        23.472402561005204
0.185                     0.065                    0.04452520320197667      10.239191280542604       0.18324375517501454      13.707558414419333       9.464710559572906        24.740611392158925
0.185                     0.065                    0.04454273636743788      10.31859679442494        0.1826940136857704       13.813861313754504       9.554524294682079        25.56415221127332
0.185                     0.065                    0.04460254226248668      10.554637927449553       0.18132722114919267      14.12985771722917        9.8478127592526          28.363143455015624
0.185                     0.065                    0.044696248677534675     10.924436556262439       0.17922804043846058      14.624919892271981       10.307429320716414       32.84244388751106
0.185                     0.065                    0.044761732779328725     11.182830699670115       0.1777922396528          14.970841041477904       10.628676639070493       36.04268490376421
0.185                     0.065                    0.044798037162913        11.326074087655144       0.17700733936875834      15.162605904003264       10.806796209354562       37.84240053738536
0.185                     0.065                    0.04491857104624537      11.9792324190347         0.16513304846482899      16.037011483110238       10.521835658980008       43.237669749509514
0.185                     0.065                    0.045218372612095936     13.611281929491172       0.1401779356153074       18.22189243580019        9.789427453006908        57.39276191979728
0.185                     0.065                    0.04540194027686201      14.615896747778667       0.12739800893597056      19.56680493214505        9.323966445675639        66.61954275563913
0.185                     0.065                    0.045471141345698934     14.995673349604271       0.12297328731013037      20.075224963700343       9.145081465144441        70.216381707103
0.185                     0.065                    0.08727208021051536      22.810974996561125       0.01596796388574048      30.537838749961363       0.35667139592217983      131.53047519625702
0.185                     0.065                    0.08728720253103274      22.811658993530955       0.015975640842043257     30.53875444028908        0.3570358350148543       130.86588322327577
0.185                     0.065                    0.0868389371417209       22.791358186447326       0.015745743723187017     30.51157704987471        0.3462171953885454       151.44443288420555
0.185                     0.065                    0.0863394051073366       22.768674771336016       0.01548368976750896      30.481209979941397       0.3341233097319676       176.73482913019677
0.185                     0.065                    0.08637328758791604      22.77021535183626        0.01550166596136548      30.483272408176266       0.3349448732688652       174.9330691303842
0.185                     0.065                    0.0879915847987195       22.791112286241393       0.015100344418592867     30.511247854790394       0.31840936591315866      96.89941778554555
0.185                     0.065                    0.0880112393237833       22.790539044264573       0.015075135225519272     30.51048043599065        0.3173311493524003       96.02574860701449
0.185                     0.065                    0.0876502099116823       22.801069446278312       0.015531194758070058     30.52457784825454        0.33713312653850225      112.6895816933823
0.185                     0.065                    0.08731466508507953      22.810857810707162       0.01594248543330459      30.537681869218098       0.35553041781616646      129.43691314619124
0.185                     0.065                    0.08631000886470258      22.76753272871578        0.015445510680632978     30.479681088108073       0.3324442555831806       177.94357598354412
0.185                     0.065                    0.08569039425664271      22.744053414500602       0.014617633580466789     30.448248520601826       0.297147665753164        204.85048047839942
0.185                     0.065                    0.08472598136919876      22.709730395683643       0.013226908698618974     30.402299111854404       0.24256227992114682      252.9749612185713
0.185                     0.065                    0.08866066656479102      22.557737364846815       0.011527072611912461     30.198820800755794       0.18176494440764976      64.88310385356371
0.185                     0.065                    0.08837120796676802      22.661542732530577       0.013244963829029918     30.33778862568152        0.24219293140886036      78.16057428511026
0.185                     0.065                    0.08835340933150808      22.667923441908204       0.013342415136266035     30.346330701332107       0.24590838682626065      79.00734812377588
0.185                     0.065                    0.08804222866098756      22.77943806882294        0.014927977578757374     30.495619177405477       0.3108629919391366       94.4241429432723
0.185                     0.065                    0.08867241073744243      22.53427823934244        0.011460030028566569     30.167415260572803       0.1792832929696382       64.28720691529809
0.185                     0.065                    0.08889647255632144      22.086748542144953       0.010030090967746617     29.56829182411749        0.13193331169505002      53.26610438951798
0.185                     0.065                    0.08909834911706253      21.683591074492604       0.008403693608219454     29.028571021308043       0.08926560549786199      43.87088083395701
0.185                     0.065                    0.08891414132950339      22.05146081348014        0.009902950976804707     29.521050925033567       0.128199150692837        52.42420585582815
0.185                     0.065                    0.08937354641032531      19.356822514618532       0.007639951614349912     25.913645723260675       0.05879376855180747      30.634123948852857
0.185                     0.065                    0.08937978876063464      19.304042472487954       0.007615693455533672     25.842987261005433       0.05810284619953416      30.345194425486895
0.185                     0.065                    0.08923330346291608      20.542580631577298       0.008093859311255905     27.501060999354902       0.07431951177600989      37.25527518107129
0.185                     0.065                    0.08910954671159578      21.588918998079187       0.008381699799472047     28.90183024832167        0.0880252627235522       43.3125188526657
0.185                     0.065                    0.08955233429442014      15.939181093209745       0.004895355057973138     21.338331312197393       0.016367492290245294     22.035088480523083
0.185                     0.065                    0.08950306764347939      17.1514722730831         0.006085362231906013     22.96126731447498        0.029285827146270788     24.41955333096224
0.185                     0.065                    0.08955483620020235      15.877617354351246       0.004814843395943603     21.25591381227076        0.015711466852847192     21.914892160082697
0.185                     0.065                    0.089605799993371        14.623564281210339       0.002021100208419811     19.577069723526463       0.002348355421134762     19.48502527156103
0.185                     0.065                    0.0895590156211758       15.774775435490183       0.004674164461370705     21.11823578950368        0.01461558089864886      21.714295985069167
0.185                     0.065                    0.08943888720172538      18.272126586550666       0.007024487188725151     24.4615258840574         0.04428833346913561      27.478899636075234
0.185                     0.065                    0.08944190339815648      18.219460840099142       0.006988492515572189     24.391020433368624       0.04358328339924         27.333889034960546
0.185                     0.065                    0.08944694207051987      18.131480672088184       0.006926865007927544     24.27323834889752        0.04240546981100856      27.091917047496906
0.185                     0.065                    0.08964686794524088      13.378150729373418       0.0016517458960915287    17.909791659842377       0.0013126840566338365    17.50063220954129
0.185                     0.065                    0.08964894485459383      13.315167035112692       0.0016261138336311001    17.82547321665874        0.0012603079913778793    17.40090197413856
0.185                     0.065                    0.08969141024874892      12.027374822893643       6.97900678990542E-4      16.101461379105544       1.8941326601421528E-4    15.374815283779844
0.185                     0.065                    0.08965241424063151      13.20995553317989        0.0015811491464021584    17.68462295133034        0.0011728161632150748    17.234440401931852
0.185                     0.065                    0.08972564212748724      10.856565159017928       5.671342661099743E-4     14.534058112576027       1.019149847778589E-4     13.7229943100877
0.185                     0.065                    0.08972736734277341      10.797558792423468       5.577605052083974E-4     14.455064255077415       9.750526111101005E-5     13.640183214755941
0.185                     0.065                    0.0897627521032335       9.587317830189408        1.6903581680479592E-4    12.834872949845025       7.060460185139658E-6     11.950858541014732
0.185                     0.065                    0.08973024918059944      10.698993250370394       5.41219157523983E-4      14.323111165392602       9.013916256608471E-5     13.501946775834027
0.185                     0.065                    0.0897912846125075       8.541431360132039        1.3866371298096872E-4    11.434708670229918       3.771101157631129E-6     10.575615432106343
0.185                     0.065                    0.08979271845530933      8.48887247898058         1.3643014372180658E-4    11.364346283803052       3.605802294791205E-6     10.506810745768401
0.185                     0.065                    0.08982220363135915      7.4080651285823755       3.742707656971441E-5     9.917432217604253        2.0666290906765172E-7    9.09835078420507
0.185                     0.065                    0.08979511353575233      8.401078511644563        1.3247262915102592E-4    11.24681347259569        3.329688535616081E-6     10.391944763581956
0.185                     0.065                    0.08984598483929943      6.501981094889846        3.226123111722719E-5     8.7044262799366          1.182862795870811E-7     7.953180429531566
0.185                     0.065                    0.08984717705111461      6.456556822981289        3.187395152205386E-5     8.643615240904422        1.1385572224462414E-7    7.895983212804312
0.185                     0.065                    0.08987174655951172      5.5204379396585646       1.6590113746557426E-5    7.390400614435676        2.2548976037501184E-8    6.721739526165449
0.185                     0.065                    0.08984916848263937      6.38068160890876         3.1187139259184396E-5    8.54203847564932         1.0645506145810413E-7    7.800488043881712
0.185                     0.065                    0.08989156708559044      4.749237822261279        1.4112360932228842E-5    6.357968426307814        1.2076141287271706E-8    5.76802550372032
0.185                     0.065                    0.08989255875427427      4.710652823299434        1.3915861112128572E-5    6.306313357787423        1.1552164491365863E-8    5.720457448807486
0.185                     0.065                    0.08991303232469888      3.9140433533208316       4.22295525698682E-6      5.239864793244868        7.344549781662088E-10    4.741531374996514
0.185                     0.065                    0.08989421518356784      4.646202545372524        1.3563907819317165E-5    6.220031548482083        1.0676943151162005E-8    5.6410338304356245
0.185                     0.065                    0.08992955140732475      3.264008565194711        3.6575232659404303E-6    4.369640809190992        3.8314018768227906E-10   3.9471828964552724
0.185                     0.065                    0.08993037652167875      3.2315398725394893       3.6086810068316803E-6    4.326173850813426        3.6559223043954396E-10   3.907609371494787
0.185                     0.065                    0.08994743712329163      2.5601960655633187       3.955954232318643E-7     3.427422748490348        2.7575911251300996E-12   3.091557217663215
0.185                     0.065                    0.08993175473243159      3.177306539977095        3.520074327616359E-6     4.253569818547681        3.362813878904751E-10    3.8415305491789598
0.185                     0.065                    0.08996120439673769      2.0150719070126235       6.893453415372427E-7     2.697646241565979        5.187232085686318E-12    2.4298867685565435
0.185                     0.065                    0.08996189110713912      1.9878811621805759       7.068878198902485E-7     2.6612450539228556       5.308388816383692E-12    2.3969547978975645
0.185                     0.065                    0.0899630381272622       1.9424641547951937       7.370754423233977E-7     2.6004437401583322       5.510751162279156E-12    2.341963397307851
0.185                     0.065                    0.045537113198704904     15.361707777543607       0.11777415734483489      20.565247873244143       8.802821928650724        73.40383722342102
0.185                     0.065                    0.04565878738840363      16.03677293638772        0.10869502895968526      21.468980877624993       8.171693181405471        79.42317422729272
0.185                     0.065                    0.0458567273564308       16.87574643335424        0.0954911574252678       22.592143625807267       6.984632869837999        87.97223302526672
0.1575                    0.065                    0.046979588152720755     22.956262738035985       0.028726178526632902     30.732340458992837       1.1749078423788137       139.4289905073717
0.1575                    0.065                    0.046506296763798693     22.57983419458123        0.033501258389052754     30.228402588619602       1.5458398492227317       117.36662113806699
0.1575                    0.065                    0.04706418361238897      23.02354506433885        0.02782199377115463      30.822413629108052       1.1086079595601532       143.61181687124454
0.1575                    0.065                    0.0473720725323975       23.251249576580207       0.02431617431750462      31.127249510893616       0.8641990828189551       159.7628261500742
0.1575                    0.065                    0.04773059873946802      23.525516185455366       0.0199984068633879       31.494419676903224       0.598689142078679        179.84162927156652
0.1575                    0.065                    0.04616906377101953      22.292423260503234       0.03631009526982725      29.84363566124483        1.769942097978565        103.21840235374279
0.1575                    0.065                    0.05024613365567042      23.967637204102395       0.01322311806630986      32.08630232889188        0.27236007145873664      303.5381427440347
0.1575                    0.065                    0.049266190815564506     24.13869475680279        0.01461650252910011      32.31530297275367        0.3379429193349876       253.12346518156053
0.1575                    0.065                    0.04849475154643007      23.799200481349235       0.017500954646981686     31.860810280446632       0.4701321311002238       213.51471094528955
0.1575                    0.065                    0.04788342847900723      23.580252750284224       0.0195152541937692       31.567697403555524       0.5729778781472096       186.22844469987524
0.1575                    0.065                    0.05091983337037498      23.835741350314063       0.012516681579691224     31.909728801658446       0.24120101790422063      338.5930294133181
0.1575                    0.065                    0.08398614608756749      22.21076525202863        0.013752823729654398     29.734317269733005       0.25084401017474806      289.63651806918733
0.1575                    0.065                    0.0837781567766642       22.210799600804858       0.013555540053946595     29.73436325362409        0.2437004166185408       298.0718256540339
0.1575                    0.065                    0.08280226545728005      22.21269238623949        0.012662811580433073     29.736897190748643       0.2126978061315356       340.73258485614105
0.1575                    0.065                    0.08251419797826826      22.21325110616827        0.01238706307215167      29.737645168381952       0.20354633232663275      354.48429727491424
0.1575                    0.065                    0.08207031378539673      22.207204843405005       0.011812342985030441     29.729550827945726       0.18499748055637236      377.91779311006684
0.1575                    0.065                    0.05264907398318292      23.65468483248263        0.011245071370930709     31.66734219841157        0.19183235606269425      419.29759547934134
0.1575                    0.065                    0.052980825022446325     23.614442039656602       0.01109848093277992      31.613467784084495       0.18615564680252944      432.08161569249245
0.1575                    0.065                    0.05664220654394408      23.199180031281085       0.009443581620497533     31.057542215244563       0.12958926241569638      613.9593588026377
0.1575                    0.065                    0.0556237467838375       23.31469043164453        0.009946220375274598     31.212179971007924       0.14532392047699125      555.0399497712937
0.1575                    0.065                    0.05261221424122355      23.658544154590786       0.011274095172169743     31.672508805987125       0.1928846770195814       417.3699563773965
0.1575                    0.065                    0.08004850838682015      22.23428126775655        0.00996532483868843      29.765798970819834       0.1319946478979834       475.79927100826154
0.1575                    0.065                    0.08015996757601355      22.231861905404077       0.010046201922288382     29.762560087019          0.13411618327937838      470.52365200334265
0.1575                    0.065                    0.07769707223719928      22.30205175925867        0.009017361903350108     29.856525664519218       0.10874607363578977      598.1116304650258
0.1575                    0.065                    0.07758933856455344      22.305872119540428       0.008992896088069165     29.861640112554372       0.10819442080259731      602.2506800333065
0.1575                    0.065                    0.07602640394826801      22.361295583573558       0.008632084217510784     29.935837414855705       0.10019137692603029      666.8160727119237
0.1575                    0.065                    0.08182179551884955      22.204741712480317       0.011456684333630996     29.72625334964813        0.17398714476520394      391.6411401475577
0.1575                    0.065                    0.08145197292421977      22.201076301956824       0.010905666297356757     29.72134633819703        0.1576025505596826       413.1000553157187
0.1575                    0.065                    0.08027345122572503      22.22915784334844        0.010124419182354401     29.758940065909098       0.13617911489272935      465.1194240752205
0.1575                    0.065                    0.05836363159734732      22.993764578192724       0.008626454041978465     30.782545465473532       0.10618746320957367      700.8876907431414
0.1575                    0.065                    0.058940133232074046     22.97042332201241        0.008575564045120386     30.751297721018794       0.10470261799910519      717.6153098664131
0.1575                    0.065                    0.0648113534306181       22.71568207972098        0.008024042964458359     30.410266836489164       0.08947380474332838      928.9994644343562
0.1575                    0.065                    0.05814203810025103      23.01811566710894        0.008721738466368692     30.81514510783084        0.1087806451231282       689.274639889645
0.1575                    0.065                    0.06481361603458678      22.715531350267593       0.008023813862673257     30.410065049772765       0.08946748067630846      929.0925746301542
0.1575                    0.065                    0.0648889906321348       22.710510068574084       0.00801617417190556      30.40334288683595        0.08925680571370338      932.2023608047573
0.1575                    0.065                    0.0754878631857469       22.381695060001416       0.00853355773930655      29.96314689732331        0.09809906854101617      689.0218571610662
0.1575                    0.065                    0.06509780373895095      22.70415855712567        0.00801283181956996      30.39483989945994        0.08912906025160656      932.4482172551387
0.1575                    0.065                    0.06500471342219559      22.70726685680548        0.008015314681204649     30.399001087415424       0.08921067329536489      931.9234721068277
0.1575                    0.065                    0.06600416531219494      22.673895007853307       0.007988502602198017     30.35432504256232        0.0883344456309213       937.5805100700485
0.1575                    0.065                    0.06604540269585168      22.672818295789803       0.007988915250993244     30.35288361099789        0.08833444653912069      937.0594521579886
0.1575                    0.065                    0.06867750796924693      22.604093773306225       0.00801515310061662      30.260879723128653       0.08833450450779372      904.6750680211153
0.1575                    0.065                    0.0725324048471083       22.482482617101784       0.00817415963833215      30.09807467516698        0.090840188145938        826.2974783804253
0.1575                    0.065                    0.06489241813187067      22.71041401050744        0.008016148731437443     30.40321429059005        0.08925543935491102      932.1940988330402
0.1575                    0.065                    0.044                    -0.6086363879179961      0.2901594467175855       -0.8148025182790609      0.09058843072513369      0.49587819071650535
0.1575                    0.065                    0.0440020471222561       -0.6609695995330248      0.2928068301608658       -0.8848627931164267      0.10822760990733092      0.5880395881404569
0.1575                    0.065                    0.04400739938478504      -0.7977963507013264      0.2911247959459092       -1.0680374826896954      0.15434577285383144      0.8292530255953943
0.1575                    0.065                    0.044020745834285314     -1.1389887557597853      0.2710915759182338       -1.5248035196503025      0.26934643462675933      1.4323547611746197
0.1575                    0.065                    0.04401091592678354      -0.8876942236849874      0.2868179612215686       -1.1883868649301923      0.18464631510455445      0.9879358974101559
0.1575                    0.065                    0.0899843802695          1.6234496838349048       0.0012332357268522891    2.1733680682697702       1.0775815213304054E-5    1.406373626704733
0.1575                    0.065                    0.08997245225419043      2.2802630662727923       0.001118428371359656     3.0526667902546354       1.748503673412786E-5     1.979921571516261
0.1575                    0.065                    0.08998589950997027      1.5397930348059117       0.0012476165450442198    2.0613740277346926       9.921268966814492E-6     1.3334713397730054
0.1575                    0.065                    0.08999999999999998      0.7633523030496349       0.0011270636076151145    1.0219260484681458       1.9898811780604298E-6    0.6584450677896806
0.1575                    0.065                    0.08998876068979816      1.3822427679313396       0.0012721129452581664    1.8504560531389387       8.31189909259971E-6      1.1962659407536174
0.1575                    0.065                    0.04434228727912013      6.434482193696443        0.3694235046606404       8.614063173547923        15.213057074116168       16.134854847204235
0.1575                    0.065                    0.04435108953011608      6.596956940419542        0.3622123988647741       8.831573719112889        15.369795817507432       16.53676179363249
0.1575                    0.065                    0.04437410327931242      7.0217520381218685       0.34487792608412665      9.40026156333539         15.779593962483887       17.592185633376033
0.1575                    0.065                    0.04443149056922947      8.08102487625051         0.3093118752589426       10.818346635449274       16.801470265758102       20.253513866783837
0.1575                    0.065                    0.04438922376623812      7.300850791919527        0.33454618051492613      9.773900688365028        16.04883942268378        18.289286625071227
0.1575                    0.065                    0.04420600447478642      3.1070661930906285       0.6110647392320115       4.159536644284694        9.827922085900186        9.868821177299136
0.1575                    0.065                    0.04421211714908916      3.273971468478067        0.5885182833540893       4.382978491337171        10.10461352984875        10.147205944381618
0.1575                    0.065                    0.04422809891936439      3.710350316238777        0.5384663678187056       4.967173901170354        10.828031607649066       10.87731146091947
0.1575                    0.065                    0.04426795120402902      4.7985084966586795       0.45070984646276824      6.423928776975704        12.631953367976266       12.712276411708384
0.1575                    0.065                    0.04423859925750724      3.997059822192355        0.511097531650817        5.351001802529738        11.303331546563038       11.358793237114826
0.1575                    0.065                    0.04427528641319231      4.959940334951168        0.4405211671469136       6.640043145065145        12.886647142613443       13.046853304490343
0.1575                    0.065                    0.04429446453752259      5.3820087172863955       0.41654443856838363      7.205080641408608        13.552551654319531       13.92485240645087
0.1575                    0.065                    0.044307064943294006     5.659315965332224        0.4025817434097849       7.576321415917181        13.990064046460411       14.504278810546042
0.1575                    0.065                    0.044111363638443556     -0.22115749826417444     2.9003914365917334       -0.29607116843336906     4.446571357447906        5.5442653041212155
0.1575                    0.065                    0.0441156085511538       -0.06363353607609266     3.3921521050709047       -0.08518840882840471     4.709479978772099        5.736845323402309
0.1575                    0.065                    0.04412670700273383      0.3482175869920914       2.7230350998371504       0.46617089024332514      5.396862453492896        6.241447047553353
0.1575                    0.065                    0.044154382200417584     1.375213214715211        1.1375621781951881       1.8410453478696212       7.1109255131069995       7.506671905049906
0.1575                    0.065                    0.04413399890422191      0.6188118942712992       2.0197773598267994       0.8284248194855295       5.848486290760297        6.5738457920161535
0.1575                    0.065                    0.04415947609566987      1.546106066145462        1.0392157628677747       2.0698255004621715       7.379028693601223        7.738230897425377
0.1575                    0.065                    0.0441727942375659       1.992910551051834        0.8542699053196717       2.667978070218059        8.07999249904966         8.34522350044723
0.1575                    0.065                    0.04418154451935161      2.286469906145863        0.7690143941345878       3.0609761008044583       8.540539538354377        8.745274418766183
0.1575                    0.065                    0.04404564083542769      -1.4614419422302107      0.3731515299185945       -1.956482718559142       0.8347573683328122       2.5586993449737556
0.1575                    0.065                    0.044048588691476466     -1.4420233531161828      0.40716105638870964      -1.9304863837595405      0.9697991420787846       2.6918969036163993
0.1575                    0.065                    0.04405629594951815      -1.3912528695410293      0.49129908596302535      -1.8625181868319944      1.3228699092546135       3.040674648826253
0.1575                    0.065                    0.044075514836798536     -1.2646511396229625      0.6903842965955147       -1.6930320857649894      2.2032903181284493       3.913735980973534
0.1575                    0.065                    0.044061359769995985     -1.3578956609193324      0.5444255515737093       -1.8178617414940916      1.554844363889717        3.270245811902249
0.1575                    0.065                    0.04407905226405707      -1.161683043573332       0.7826879048994873       -1.5551851452449903      2.4246490005082832       4.073892300273616
0.1575                    0.065                    0.04408830097370709      -0.8924698685797159      1.0982951291454845       -1.1947801854149274      3.0033979138335103       4.49338713691692
0.1575                    0.065                    0.044094377558280495     -0.7155915052158728      1.395427106744118        -0.9579870216165182      3.3836473596119205       4.769604673402014
0.1575                    0.065                    0.044023202380992624     -1.1708072444979052      0.2898731761804865       -1.567400027625023       0.3251390959538305       1.543142723886392
0.1575                    0.065                    0.04402962509602736      -1.2539976374968502      0.3260589643853019       -1.6787698751361744      0.4710106821389732       1.833168198776977
0.1575                    0.065                    0.044033844946425565     -1.3086553657511044      0.34294825083539804      -1.7519420605477691      0.56685119004264         2.0240102236882582
0.1575                    0.065                    0.04444205327042461      8.255321551281165        0.3023413820757754       11.05168360405947        16.751626485447343       20.73593010292121
0.1575                    0.065                    0.04446966976946022      8.711025435067228        0.28542288841604996      11.661750105946735       16.621308427078567       22.003808886393664
0.1575                    0.065                    0.04453853451736067      9.847372697394569        0.2500041983873518       13.183017367260373       16.29634615634074        25.207524722023305
0.1575                    0.065                    0.044487814353771055     9.010431870671823        0.27523080469645267      12.062575824819875       16.535686893579808       22.842057590474084
0.1575                    0.065                    0.04456430479632789      10.260451025367741       0.23631457669296632      13.736019567852416       15.808320444058243       26.40784166600178
0.1575                    0.065                    0.044657358832418816     11.75212707536973        0.19444453614734383      15.732977728957206       14.044454742459806       30.813659583437822
0.1575                    0.065                    0.04479039915113643      13.885039481567686       0.14900373499546338      18.588381109921176       11.518084369745576       37.31440093504846
0.1575                    0.065                    0.044691828944485604     12.304726255533605       0.1813255392560415       16.47276130505377        13.390402121161863       32.47478121436861
0.1575                    0.065                    0.04483758745469819      14.193649708244186       0.14309409865460795      19.00152826124885        11.101490011776466       39.322257891511484
0.1575                    0.065                    0.04496238822883956      15.005568622456408       0.12854781961008438      20.088472106656354       10.017379135771115       44.74049404805153
0.1575                    0.065                    0.04580875048010905      20.361164094585497       0.05417096602678893      27.25819242604459        3.286106285484354        86.18897727336028
0.1575                    0.065                    0.04523649312103353      16.767836253595387       0.10095768275719642      22.447680547422763       7.722935056921498        57.221626749525484
0.1575                    0.065                    0.08798774380091845      22.365643048610863       0.016018689498925782     29.941657516201673       0.3450623338401617       97.28724573874207
0.1575                    0.065                    0.08763391126542677      22.40374867955132        0.01672618128195017      29.992670838223226       0.37749953126642755      113.6410450179281
0.1575                    0.065                    0.08759359370287037      22.408088819154646       0.016804468544765437     29.998481132758144       0.3811893124758574       115.58708462825216
0.1575                    0.065                    0.08726543219356056      22.443400952619356       0.01742540949462988      30.045754703389168       0.41117396936847916      132.1082689151175
0.1575                    0.065                    0.08732070341524102      22.43745520903922        0.01732278545433813      30.037794931449294       0.40612974641044247      129.23755426986156
0.1575                    0.065                    0.08721424704669058      22.440994742692975       0.017418345819225554     30.04253342719464        0.41075270405680236      134.36750861280444
0.1575                    0.065                    0.08672336617685343      22.41773683497868        0.01735034676308635      30.011397264205215       0.40670876044887055      157.25013410567635
0.1575                    0.065                    0.0862255182181348       22.393807480588887       0.01728094053158099      29.97936221239983        0.4026019816331469       182.96205125147335
0.1575                    0.065                    0.08628044710503302      22.396464770154846       0.01728861859197513      29.982919617565084       0.4030552787102562       179.9888552132051
0.1575                    0.065                    0.08424477491723908      22.2322573068885         0.014214143968744573     29.763089424619633       0.2684728418712253       275.04047902793457
0.1575                    0.065                    0.08828201501320936      22.24989129480038        0.015112933869299051     29.7866966522569         0.30397210328307506      82.59187564323557
0.1575                    0.065                    0.08831799055033665      22.235744109027316       0.014997167192787703     29.76775732686775        0.29895246700270284      80.86694830336461
0.1575                    0.065                    0.08860507389573614      22.122880073659505       0.014028321341333768     29.616662351170667       0.2589255502685128       67.62095618083795
0.1575                    0.065                    0.0883738912809009       22.213763102863524       0.014814920943415123     29.73833059601153        0.2911543198586772       78.2161925752768
0.1575                    0.065                    0.0849514360071116       22.29060170549189        0.015394106024759362     29.841197082743953       0.316549494654212        238.53379117716491
0.1575                    0.065                    0.08511302691811547      22.303761525719548       0.015648793342830994     29.858814587833116       0.3274963495920411       230.8232961888056
0.1575                    0.065                    0.08536291165952217      22.324007315862996       0.016032767942064072     29.885918325172682       0.34438879910767994      219.3123047033781
0.1575                    0.065                    0.08905838941429602      21.63739978875146        0.011480825378253316     28.966733154411553       0.1658963792466865       45.770610784373204
0.1575                    0.065                    0.08908613922147748      21.607678667222906       0.011297150927614512     28.92694446423747        0.16018973820232285      44.51384562706626
0.1575                    0.065                    0.0888353662169013       21.87625727460538        0.012827983995383714     29.286499906526615       0.211710837390882        56.19958449748312
0.1575                    0.065                    0.08864540063659075      22.07969534102513        0.013829718833808452     29.558849460584117       0.2506646045972877       65.57043883078602
0.1575                    0.065                    0.08910741329843302      21.491911154581146       0.011205775948840672     28.7719625034019         0.15592458253038313      43.448601861570424
0.1575                    0.065                    0.08927555073973642      20.576787049762075       0.01036189417194799      27.546854310815633       0.12221218540745193      35.24647104871703
0.1575                    0.065                    0.08941818961925124      19.80021138082554        0.009424227073791532     26.507225686493243       0.093607950388193        28.57676603726319
0.1575                    0.065                    0.08930464645648423      20.418397190441016       0.010189967328033669     27.334812344862634       0.11637777540943854      33.86504401795488
0.1575                    0.065                    0.08958821946526892      16.971463136525724       0.009357285831643886     22.72028287665338        0.06779859631976622      20.393117125244494
0.1575                    0.065                    0.08954550119076218      17.896713312444636       0.009674121766415454     23.958947189767777       0.08058453806636781      22.45982854308004
0.1575                    0.065                    0.08959366775043948      16.853457302932576       0.009308796170773364     22.562304398382913       0.06616791258607017      20.13134837701573
0.1575                    0.065                    0.08964420424074464      15.758879586242006       0.008743788185737515     21.09695546802651        0.051042598045599255     17.722608624715228
0.1575                    0.065                    0.0896039293114928       16.63119977281388        0.009211667538307364     22.264760579376816       0.06309662578767307      19.639428931880754
0.1575                    0.065                    0.08967980705934214      14.720309242498836       0.008488308811219413     19.70658553896814        0.041971930673843916     16.00711913503736
0.1575                    0.065                    0.08968434641130152      14.587892218578052       0.00844652854196021      19.529314303308453       0.04081542498047624      15.78966575288246
0.1575                    0.065                    0.08972645785175953      13.35946836476297        0.007918737609377183     17.884780934170728       0.030086581188982428     13.785899286955773
0.1575                    0.065                    0.08969289589569017      14.338496279307964       0.008360998128329264     19.195439360239458       0.03863724614046824      15.380885894317059
0.1575                    0.065                    0.08975612981331556      12.283285095705185       0.006623983165716469     16.444057285100605       0.01779709395782238      12.353237439615743
0.1575                    0.065                    0.08975991199343497      12.146108232673017       0.006397185009411501     16.260413888703326       0.016230563851670085     12.17151808424779
0.1575                    0.065                    0.08979500326674983      10.873378304589648       0.0023098837103014917    14.556566450269889       0.001695861310672962     10.49508963898272
0.1575                    0.065                    0.0897670353017335       11.887751388336731       0.005912365854850605     15.914542673050343       0.013280161661619355     11.82981767129353
0.1575                    0.065                    0.08981973194157912      9.804568768363032        0.0020050626617922683    13.125714271587043       0.001038948393978644     9.301771429155623
0.1575                    0.065                    0.08982288333360772      9.668361202782078        0.0019496687638056005    12.943368507109065       9.552311700113035E-4     9.150324924690652
0.1575                    0.065                    0.08985212495720747      8.404499671990335        9.693019177417026E-4     11.25139349791213        1.7841157780948202E-4    7.751778445625366
0.1575                    0.065                    0.08982881854711973      9.411833114366742        0.0018300674504525155    12.599945510062934       7.975606493242631E-4     8.865480118509602
0.1575                    0.065                    0.0898727335997657       7.4022163944353006       9.982133165383112E-4     9.9096023155373          1.467746882339312E-4     6.759176650175069
0.1575                    0.065                    0.08987535946545677      7.274509723497473        0.0010016923178902998    9.738636991828793        1.4274371810081348E-4    6.633142047039878
0.1575                    0.065                    0.08989972671984152      6.089429786199027        0.001027959746427933     8.15212961822946         1.0533824331890966E-4    5.468272294629447
0.1575                    0.065                    0.08988030486768178      7.033994435149397        0.0010080194768344486    9.416650882353803        1.3515206583359501E-4    6.3960438118985445
0.1575                    0.065                    0.08991690156837372      5.203635939845465        9.429714426768689E-4     6.966286853957827        6.472788554773776E-5     4.641752315781633
0.1575                    0.065                    0.08991908958574518      5.090788771699343        9.24550921929948E-4      6.815214458992003        5.955419362005129E-5     4.536762649145085
0.1575                    0.065                    0.08993939510048467      4.043529813734385        5.123891451584553E-4     5.413212782491644        1.1539888298093235E-5    3.5657054777219046
0.1575                    0.065                    0.0899232103312156       4.878260974844568        8.823782342382212E-4     6.530696169387366        4.9810412714383515E-5    4.339220308659337
0.1575                    0.065                    0.08995370815354294      3.280072579315588        6.98554254716312E-4      4.391146258781569        1.4113918156789124E-5    2.877150201652636
0.1575                    0.065                    0.08995553135986745      3.182822858904226        7.28212535582478E-4      4.2609547048980225       1.4441810178711665E-5    2.7896553057699203
0.1575                    0.065                    0.08995896502057803      2.9996715792408892       7.890218887885979E-4     4.015763771759424        1.5059338502713484E-5    2.625006139465228
0.1575                    0.065                    0.04588535346657503      21.10056869043407        0.04808521030885655      28.2480588531661         2.7801213037077575       90.08026924646389
0.1575                    0.065                    0.045922360013830286     21.457651578081464       0.04515882625311597      28.72609802707211        2.5354859362107702       91.98753819706486
0.1575                    0.065                    0.046100190133855495     22.058095782513888       0.03887101896211588      29.529933386852676       1.9857677667499916       100.0123831360339
0.1575                    0.065                    0.08953899456583311      18.022511909366134       0.009644354921761892     24.127358109000262       0.08121923980401502      22.771381837330225
0.1575                    0.065                    0.08948765969314114      19.014978524316817       0.009418522308494793     25.456007386668272       0.0862260326293852       25.249747999002697
0.1575                    0.065                    0.08947989697310631      19.10272884158224        0.009420000651309653     25.573481762021075       0.08705102707885104      25.618314002847036
0.2125                    0.065                    0.08248860600357703      22.54369805142898        0.01095777464357462      30.180025887808025       0.16405330889102487      361.9849444711915
0.2125                    0.065                    0.08283478107987012      22.54138331166716        0.011167816839111057     30.17692706587669        0.17036759373118066      344.08593298708445
0.2125                    0.065                    0.08239666586641343      22.544312819809996       0.010901324446829765     30.180848899436896       0.16237630712500967      366.9033181098493
0.2125                    0.065                    0.08361979448677669      22.536229214341127       0.011678810669946622     30.17002709807313        0.18622907900882996      305.91129395787914
0.2125                    0.065                    0.08430410459554946      22.53165082556341        0.01219689522925912      30.163897851153628       0.2030352319512764       274.9310279752726
0.2125                    0.065                    0.08325491442215732      22.53867045080928        0.011393117880373081     30.173295265506844       0.17726789300115856      323.7988596908243
0.2125                    0.065                    0.08178884857158339      22.546423480959675       0.010607730307806483     30.183674514293536       0.15377714546384527      394.85270637716695
0.2125                    0.065                    0.08151934007925253      22.547359356113464       0.010474952778022899     30.184927402630876       0.14996424458997698      407.9924391602748
0.2125                    0.065                    0.043906901465997204     13.460159124225568       0.16924544433045505      18.019579125679137       14.02486787625595        189.8542004070704
0.2125                    0.065                    0.04440352520445766      15.288243814628643       0.12089219779808692      20.466899133053577       9.226050230709953        213.58757172182646
0.2125                    0.065                    0.04441967544991712      15.336701586229355       0.11971012121118932      20.531771222718664       9.10384481505183         214.3601565473876
0.2125                    0.065                    0.04532989484679309      16.827559326407417       0.08897529648231649      22.527633884246853       6.049092063897046        254.76126070270374
0.2125                    0.065                    0.048551139486951576     20.384630594088417       0.02740355134237159      27.289607838053687       0.8409082944530627       411.8809531022308
0.2125                    0.065                    0.04849051628433181      20.326812934742026       0.028571247822284478     27.212205343934677       0.9089434761494743       408.44223116168496
0.2125                    0.065                    0.04622303280850561      18.20194647734804        0.061876667567636184     24.36757335205877        3.421217219536999        298.3277314941741
0.2125                    0.065                    0.046211203311077434     18.19086101517778        0.062032700843756276     24.352732861624876       3.4343237916920586       297.8411012392813
0.2125                    0.065                    0.07838083601844954      22.561913255236583       0.009412602835236107     30.20441120920521        0.12124730285557897      547.7572965946691
0.2125                    0.065                    0.07824703599130241      22.56289656100584        0.00938787581365163      30.205727594542882       0.1206217492533627       553.2392357584679
0.2125                    0.065                    0.0770461245543374       22.571173090313206       0.009189139962185022     30.216807669701257       0.11565478843682792      607.2450445898542
0.2125                    0.065                    0.07498186881339851      22.585399679062295       0.00883780532797252      30.23585329459222        0.10711704196781062      717.6575981939244
0.2125                    0.065                    0.08008432769352437      22.55046663791523        0.009785820723080057     30.189087227917927       0.13091837755608637      482.3512314704152
0.2125                    0.065                    0.04866504912497907      20.43206259154682        0.026914495841675618     27.353106688505793       0.8149148901246539       416.539542500318
0.2125                    0.065                    0.0520544540867316       21.704497163163634       0.014521385926134372     29.056558723053563       0.2674361192627799       585.0656679048725
0.2125                    0.065                    0.05040961659970998      21.09292344639884        0.020902531837525436     28.23782390136824        0.5235537715465595       494.7313605185409
0.2125                    0.065                    0.057409153608710135     22.34878231325367        0.009292870255970758     29.919085468421102       0.11603641354565605      825.7466649829487
0.2125                    0.065                    0.056753542394355275     22.293593817895253       0.009702569638459821     29.845202726786326       0.1258791611991491       799.6128109970641
0.2125                    0.065                    0.05580672361758375      22.182406436352863       0.01058496774420932      29.696352345376333       0.14834291781832923      757.7382435984996
0.2125                    0.065                    0.05479964760656847      22.041512136159273       0.011847091059869825     29.507732287673882       0.18350273431080275      703.7525607391783
0.2125                    0.065                    0.05395205000654215      21.937456418331042       0.012715341460670238     29.36842931037769        0.2094177509146626       663.8972161151108
0.2125                    0.065                    0.05943145628693753      22.409427571074264       0.009060354054207706     30.000273366113085       0.11088625940155632      867.4978576536005
0.2125                    0.065                    0.04907253554303321      20.59947495098928        0.02527016980667624      27.577227386466976       0.7301215644866466       433.6657263530315
0.2125                    0.065                    0.07346475403386887      22.591938421694895       0.008648770938895614     30.24460693481023        0.10264477251138593      788.4148666176208
0.2125                    0.065                    0.07300877220877308      22.593903696728578       0.008591185366588858     30.247237916260474       0.10130059366837649      811.6167786090476
0.2125                    0.065                    0.06854647093200851      22.606257764859492       0.008381355338176315     30.263776733235407       0.09652681771814463      920.9425805824993
0.2125                    0.065                    0.06748415306365269      22.606126480267434       0.008369130793108238     30.263600978025327       0.09624694409698208      939.6113511172322
0.2125                    0.065                    0.06628041333702495      22.605977718316172       0.008355248383020267     30.263401825271863       0.09592981209133299      961.4589429704583
0.2125                    0.065                    0.07107856050471045      22.60026791257695        0.008419163627227673     30.25575791145475        0.09734227434862343      861.2566485647677
0.2125                    0.065                    0.059593392253403196     22.415229447044567       0.009037615178605534     30.008040537523122       0.1103863730079368       871.5623605690009
0.2125                    0.065                    0.06128907651255058      22.475982780421244       0.008797338381985162     30.089373119688474       0.10515189973110449      915.8640596614327
0.2125                    0.065                    0.06480916193472178      22.59327747383513        0.008354646421939258     30.246399570080857       0.09581185975866713      981.3532071282718
0.2125                    0.065                    0.08998768861609877      0.7511995243046875       0.0010233394485247979    1.0056567045346618       1.5886694558930698E-6    1.2712242245358736
0.2125                    0.065                    0.08999999999999997      0.4020758324259711       0.0011524384742440787    0.5382727804371292       5.772111811426479E-7     0.6821300891421913
0.2125                    0.065                    0.08997329336793039      1.159417114761748        8.757079485540326E-4     1.5521516682157324       2.771287537278388E-6     1.962825705046703
0.2125                    0.065                    0.08997204746932033      1.1947480655602003       8.65362468642098E-4      1.5994504302602575       2.873640127261794E-6     2.022825624062654
0.2125                    0.065                    0.08997146133943588      1.2113694232736791       8.606096396446046E-4     1.6217020149354484       2.9217915273703986E-6    2.051060296197409
0.2125                    0.065                    0.04000647747522118      0.3860932970583743       0.9090574209848044       0.5168764092629552       0.3312426149736056       0.7099861271857143
0.2125                    0.065                    0.04                     0.21631655844968348      1.2622337190448358       0.2895904353881801       0.2004596548855962       0.40018566786541826
0.2125                    0.065                    0.04000993313494909      0.4766559556430336       0.8101917026244199       0.6381157629093056       0.4010216336915107       0.8755103058261027
0.2125                    0.065                    0.040014743439510475     0.6027067599705052       0.7141466018128402       0.8068643208922749       0.4981635818725153       1.1062104612712595
0.2125                    0.065                    0.04001674172413577      0.6550659839160933       0.6831614000873021       0.8769594193334653       0.5385211340936332       1.2021464657651002
0.2125                    0.065                    0.08685155699734123      22.603955889426867       0.01474655416182633      30.26069513322512        0.2986986083918394       150.878831073061
0.2125                    0.065                    0.08724968807889485      22.616581449106427       0.014930664254404796     30.27759740529725        0.3065454741549296       132.84545098018629
0.2125                    0.065                    0.08677806700378737      22.601624678489486       0.014712031217485993     30.257574260763132       0.2972404298777547       154.3679524565928
0.2125                    0.065                    0.08626477986608974      22.58533708977871        0.014466079127011108     30.23576950416021        0.28697151472915733      180.2789292609958
0.2125                    0.065                    0.08619563938788537      22.583142469060565       0.014432289500276007     30.23283148973434        0.285577029989573        183.9899103570534
0.2125                    0.065                    0.08559011016032331      22.566627586734732       0.013754517737930246     30.21072244733186        0.2590054368465169       209.9195342627636
0.2125                    0.065                    0.08471143310912865      22.542716200713205       0.01271013006417557      30.178711450400623       0.22069809970405171      252.6762767696186
0.2125                    0.065                    0.08443950970231762      22.53532794075255        0.012369790650139168     30.1688205320442         0.20890028288286208      267.34335997854845
0.2125                    0.065                    0.04353977856434936      11.96211812639627        0.2165050074955309       16.014099989454625       18.14036758053958        169.9970821460818
0.2125                    0.065                    0.04306263052394464      10.0379051898935         0.29227307212793074      13.438089784526085       23.309685108862585       146.27415499884953
0.2125                    0.065                    0.04279662079280231      8.976119889358358        0.34571786976687047      12.016641192358955       26.105398245828063       133.9674175643922
0.2125                    0.065                    0.04257897638951748      8.113117655629804        0.39837520315929825      10.86131034576287        28.347856603881294       124.34510379693621
0.2125                    0.065                    0.08770044032691389      22.599748113462645       0.014412643117699202     30.255062038457766       0.28521781913422345      110.33215821799872
0.2125                    0.065                    0.08803113807408022      22.5873779929552         0.014019671411098746     30.23850173161289        0.26958091466384754      95.20631126705241
0.2125                    0.065                    0.08765828123978214      22.601323899721486       0.014461929072940598     30.257171597855564       0.28721191481352737      112.34121974589182
0.2125                    0.065                    0.08728214827988584      22.615370298609996       0.014893998822074183     30.275975996367226       0.305009048811417        131.1446757976479
0.2125                    0.065                    0.04209964386619239      6.886297829264435        0.461215465501815        9.218924343478918        27.361448918752455       100.7418182936727
0.2125                    0.065                    0.041918130118953345     6.421227552567276        0.4913781706522147       8.596318728448486        26.998408705197885       92.45532115946692
0.2125                    0.065                    0.04230846297868478      7.420991021409469        0.43124730155842794      9.934736556016468        27.78620378300649        110.70377935856973
0.2125                    0.065                    0.042477714761191054     7.854104173683541        0.4099912500365114       10.514560066700557       28.136096654731837       119.1370863562804
0.2125                    0.065                    0.0883222723564312       22.48089255248374        0.011732277114692442     30.095946000837404       0.18701364156875425      80.75225578894458
0.2125                    0.065                    0.08856594796760972      22.391869717403097       0.009352387045664181     29.97676806200897        0.11789815832248103      69.41599995195645
0.2125                    0.065                    0.08858886786637427      22.38350124125914        0.009094268647877627     29.965564894450125       0.11139685799640883      68.38309390759647
0.2125                    0.065                    0.0886030410170342       22.3783267896154         0.008930720203478189     29.958637677619638       0.1073765686633524       67.74714477546384
0.2125                    0.065                    0.041583022389219605     5.751765460824624        0.5330763814781145       7.70008674319003         25.46587982830094        75.96720618526993
0.2125                    0.065                    0.041399490023066816     5.3856497201620765       0.5601189894030768       7.209954977500004        24.632761596673525       67.49575420663541
0.2125                    0.065                    0.04169254183965584      5.970414693999656        0.5184622644081347       7.992800010663624        25.965076128077374       81.2054933804699
0.2125                    0.065                    0.04184509654132575      6.275211659143811        0.49973820380217815      8.400842217296747        26.663099879786866       88.74316522094075
0.2125                    0.065                    0.08884873489434968      21.64874315083726        0.007836695632945789     28.981918904354764       0.07737706271444479      55.58794253065658
0.2125                    0.065                    0.08908154683214822      20.95739789692777        0.006438537148289572     28.05639117537247        0.04894741337151496      44.75857174003719
0.2125                    0.065                    0.08882836911271194      21.70921957530842        0.007939451608275614     29.06288077902049        0.07986387348250167      56.5663745207466
0.2125                    0.065                    0.08861306232144242      22.34856901130888        0.008891515733145663     29.918799913752963       0.10615302031968718      67.23560342398963
0.2125                    0.065                    0.04124487296853217      5.133775773936925        0.5771458015248273       6.872762641078626        23.74363682444223        59.83985337659965
0.2125                    0.065                    0.04115889889829475      4.993724940412605        0.5872656722642225       6.685271761289044        23.24927719413714        55.714006178527896
0.2125                    0.065                    0.041048224599941875     4.813440296886504        0.6010554219437991       6.443918492788933        22.61292444196927        50.534710615514946
0.2125                    0.065                    0.04099626289703128      4.728797470015069        0.6078494948888833       6.3306042219727825       22.314169996111616       48.15264506048481
0.2125                    0.065                    0.08926255398617855      18.58108832363169        0.006116596400978017     24.875143614483683       0.034725030375859736     35.89760240994705
0.2125                    0.065                    0.08940707600343444      16.682332169054014       0.005588247880843425     22.333213281267714       0.023363950263367093     29.12978386356731
0.2125                    0.065                    0.08924944222856805      18.75329002472163        0.00614969787206306      25.105675969244775       0.03575552498395702      36.524794473387885
0.2125                    0.065                    0.08908755008965685      20.87861759142816        0.006431623620483641     27.95092526405643        0.04847583878337686      44.4575277867169
0.2125                    0.065                    0.08958724303834945      12.384546388135835       0.0026284050364786043    16.57961926876531        0.0028485613734430173    20.460331690796984
0.2125                    0.065                    0.08963140927995963      11.196658896751687       0.0017795009855013336    14.989353325707027       0.0010672203780910364    18.35812340657965
0.2125                    0.065                    0.08953563958202364      13.772469332869699       0.003109296615973216     18.437679570442196       0.00492979398636417      22.950383384347447
0.2125                    0.065                    0.08953123152468304      13.891028405961258       0.003137852112937607     18.596398689504873       0.005107572963103508     23.16480345112732
0.2125                    0.065                    0.08952915799581615      13.946798035704731       0.0031507860436663635    18.67105941577843        0.005191199141193643     23.265759776389622
0.2125                    0.065                    0.08967982515400481      9.807207217429148        0.001484708541810549     13.129246454325536       5.699725667834016E-4     16.029493724639106
0.2125                    0.065                    0.08971662021780606      8.751254267994309        9.658714756697516E-4     11.715605831675756       1.9207030221133866E-4    14.281434228486553
0.2125                    0.065                    0.08963682667989917      11.041188786795857       0.001756889136458785     14.78122012890217        0.0010115821153398672    18.09593872642454
0.2125                    0.065                    0.08963314239287408      11.146921517890602       0.0017724725520423391    14.922768181681638       0.0010494208162521515    18.274201425806304
0.2125                    0.065                    0.0897569748582862       7.552511691511582        9.181225497207244E-4     10.110807811912837       1.2926028574277652E-4    12.335343320526398
0.2125                    0.065                    0.08978763039318532      6.641883022052226        8.292271202138496E-4     8.891717813645162        8.154747147945435E-5     10.872300351883595
0.2125                    0.065                    0.08972114584220964      8.616819695753664        9.627849070897167E-4     11.535633634515234       1.8502631392251754E-4    14.062035621160867
0.2125                    0.065                    0.0897180680580406       8.70824588599449         9.649307667564318E-4     11.658029027764252       1.8981678353188175E-4    14.211212274473215
0.2125                    0.065                    0.08982126485511235      5.636348492596489        7.200954048007596E-4     7.545574068247747        4.428503882893359E-5     9.250775551581011
0.2125                    0.065                    0.08984680627289617      4.872763373382578        5.004687165151143E-4     6.523336340752988        1.5987702080024188E-5    8.030161400377267
0.2125                    0.065                    0.08979140944860814      6.528904525748025        8.216366024881666E-4     8.740469605145924        7.736085681975717E-5     10.689302699307246
0.2125                    0.065                    0.0897888394053586       6.605738440209084        8.26888848216166E-4      8.843329815667126        8.020807300452033E-5     10.813732555995786
0.2125                    0.065                    0.08987483886760962      4.041025789386205        4.368055980539684E-4     5.409860558758014        8.37609634796838E-6      6.681210872379032
0.2125                    0.065                    0.08989612001373495      3.409606295927542        2.88295621740322E-4      4.564557511530536        2.597569761914885E-6     5.664647154539504
0.2125                    0.065                    0.08984996082060216      4.779166755331447        4.964130969126635E-4     6.398035320957996        1.513116635171591E-5     7.877797217773736
0.2125                    0.065                    0.08984781550022868      4.842819218306132        4.99229020085676E-4      6.483249067878146        1.5713672786952495E-5    7.981400224361601
0.2125                    0.065                    0.08991948319618044      2.7233619865080465       3.1141457014864144E-4    3.645858592817485        1.9336222072128926E-6    4.54120168925974
0.2125                    0.065                    0.08993721514940577      2.2025230092054953       3.3110134705032873E-4    2.94859349538268         1.4297045440217404E-6    3.693782810598032
0.2125                    0.065                    0.08989875250041084      3.332282553701458        2.90706450986768E-4      4.461041551691042        2.52275843865997E-6      5.537666120141922
0.2125                    0.065                    0.08989696222664306      3.3848680689666715       2.8906161552274553E-4    4.531439594124335        2.5736353371296553E-6    5.624011095195505
0.2125                    0.065                    0.08995668633102272      1.6389879508639316       5.616465941972268E-4     2.194169682100735        2.2780398564753098E-6    2.757706031757977
0.2125                    0.065                    0.08993941145108368      2.1389576432422532       3.521656058196766E-4     2.8634963482348526       1.5253929809261367E-6    3.587919672847958
0.2125                    0.065                    0.08993791781861324      2.1821863564036876       3.3774598236799584E-4    2.921368117069426        1.4603183776073619E-6    3.6599060523702285
0.2125                    0.065                    0.04088200678005274      4.563453584715167        0.6194109938807074       6.109252661667196        21.563486358615044       42.523274110347835
0.2125                    0.065                    0.040817560706312025     4.470193700461847        0.6262195260228252       5.98440243901791         21.140090905931963       39.42437296553851
0.2125                    0.065                    0.04072042623402627      4.329633469830021        0.6369023325510332       5.796229611756508        20.50197706876652        34.85387162578734
0.2125                    0.065                    0.04067838820309705      4.2688026914110155       0.6416913161704094       5.714793351242686        20.225826618458726       32.91219825150268
0.2125                    0.065                    0.04030329744874139      3.651915415829005        0.6810354138851248       4.88894508515733         16.642980929668656       14.926671075010274
0.2125                    0.065                    0.040276098484564336     3.593755933089451        0.6841981231186354       4.811084980275823        16.265759001182555       13.634641751612913
0.2125                    0.065                    0.04031826295865118      3.683916151600956        0.6793009495259099       4.9317855735201155       16.850607333572725       15.641928980865059
0.2125                    0.065                    0.04033909716809061      3.7284659460067435       0.6768939922023347       4.991425919367365        17.139736911081556       16.64286652620809
0.2125                    0.065                    0.04034800864909044      3.747521376209322        0.6758673911094306       5.016936080810495        17.263436653833722       17.07285808000793
0.2125                    0.065                    0.0405204606099433       4.032514776810304        0.6573002512697561       5.398466572763073        18.920556902949          25.25052325728154
0.2125                    0.065                    0.04043427691464135      3.903552789671773        0.666273947988328        5.225820713973401        18.20934448156576        21.21034305879071
0.2125                    0.065                    0.04056929791357629      4.105588112500038        0.652360942081705        5.4962923668184045       19.32391929403137        27.583444191751273
0.2125                    0.065                    0.040644963896436265     4.218797077611609        0.6449082976953606       5.6478491118566305       19.949358426081346       31.26194667990554
0.2125                    0.065                    0.04038044616653807      3.80619565107487         0.6722240797992609       5.0954853556610935       17.618996830593066       18.61656302287441
0.2125                    0.065                    0.040398435062459576     3.838731936996081        0.6702223373112697       5.139042803474454        17.816236310927426       19.478868970310206
0.2125                    0.065                    0.04042348326288357      3.8840330302792956       0.6674573861992236       5.199688939033689        18.09094450982349        20.68702917610277
0.2125                    0.065                    0.04018526824871427      3.2908002583507296       0.6956766997763402       4.40550777259612         14.097164625145668       9.273457538341477
0.2125                    0.065                    0.040166200797538715     3.2092319028246914       0.6982679699072387       4.2963094025777755       13.50655730373142        8.362735478831548
0.2125                    0.065                    0.040195632762154716     3.335134202438585        0.6941949748540565       4.464859152180238        14.418245672271118       9.77065584734206
0.2125                    0.065                    0.040210059275064436     3.396838263305939        0.6920583303121038       4.547464506018429        14.865214580418774       10.465257663580076
0.2125                    0.065                    0.04021615952140664      3.422928060284984        0.691131439546048        4.582391816810072        15.054233331123369       10.759864757331169
0.2125                    0.065                    0.04023894242646034      3.487862254093197        0.688538019894297        4.669321460991125        15.514646761930917       11.846622472911521
0.2125                    0.065                    0.040251395483847124     3.523353910409845        0.6870972806482849       4.716835365053982        15.766353588787327       12.443713526026446
0.2125                    0.065                    0.04026873003868083      3.572756653661889        0.6850681476554019       4.782972520851317        16.11678212106116        13.278503616635883
0.2125                    0.065                    0.040103186589528515     2.638962951318465        0.7121258241726941       3.532870694331765        9.498262165470784        5.342032441181496
0.2125                    0.065                    0.040089858163050746     2.4671773681736577       0.7132041509218744       3.302895411011562        8.326961239882573        4.705773593465515
0.2125                    0.065                    0.040110369852896746     2.7315339643959944       0.7104856305623274       3.656798701385752        10.129573149424203       5.6859919516417685
0.2125                    0.065                    0.04012036815937186      2.8603689787643525       0.7072989337395584       3.8292745773499752       11.008342235987001       6.165977850011237
0.2125                    0.065                    0.040124561877194466     2.914403195293215        0.7057104574124433       3.9016120461161137       11.376954387193795       6.367732827116883
0.2125                    0.065                    0.04014050837365535      3.027327270366616        0.7033062183680884       4.0527873990372365       12.19242834303998        7.128843177891863
0.2125                    0.065                    0.04014913618604024      3.088417706823687        0.7017545953373955       4.134571272719621        12.633691319308314       7.542146120858767
0.2125                    0.065                    0.040161145120449514     3.173440637077468        0.6993527601205203       4.248394401039678        13.247940996254462       8.119186848215826
0.2125                    0.065                    0.04004612861603923      1.4431854969966382       0.7344628289988047       1.9320421858430092       3.021418240312646        2.6091450401959873
0.2125                    0.065                    0.0400368305087096       1.195256767545769        0.7133721616869503       1.6001314471483747       1.955098067816095        2.1645455724622327
0.2125                    0.065                    0.040051109846991624     1.575988104305337        0.7333986791143169       2.10982961527901         3.5926798763900587       2.8478414741159264
0.2125                    0.065                    0.040058043419193404     1.7608191410084644       0.7254236372106384       2.3572692970847724       4.38784963760752         3.180690517835613
0.2125                    0.065                    0.040060935199806275     1.8378988828194809       0.7207845925960819       2.4604586051554858       4.719493383345459        3.3197178055682826
0.2125                    0.065                    0.04007206985166706      2.0801932761421744       0.7244868779992438       2.7848264638035087       6.108253353748971        3.851890572028309
0.2125                    0.065                    0.04007805125661498      2.210331786189935        0.7222671318745647       2.959047374378259        6.854294092700354        4.138503181926244
0.2125                    0.065                    0.04008637683212816      2.391450484616645        0.7163480831920778       3.2015172209320153       7.89273300172138         4.538301194576997
0.2125                    0.065                    0.040024503526856034     0.8638112638441129       0.735635984068186        1.1564139231071278       1.0858356552438015       1.5732999743345937
0.2125                    0.065                    0.04002865225317827      0.9753717368095404       0.7340275429414886       1.3057637748693274       1.3783861790981926       1.7720412202040445
0.2125                    0.065                    0.04003442716928528      1.1306434981301088       0.7207135455646424       1.5136314355171006       1.7856178457271867       2.0490996229930225
0.2125                    0.065                    0.08947614092311452      15.29701158600353        0.003507673442849369     20.478636850905758       0.007739837367247413     25.823475244400118
0.2125                    0.065                    0.08947369600611686      15.359278122392475       0.0035198809515974592    20.56199521011885        0.00785738245363107      25.94235953879647
0.2125                    0.065                    0.08940994732570637      16.625307396280643       0.005526627014047244     22.25687225174272        0.022695566067669388     28.99117717619545
