# Model:              HydroFlux_CAD_211205_improved_meshconvergence_completed_v2.mph
# Version:            COMSOL 5.5.0.359
# Date:               Jan 14 2022, 08:10
# Table:              Table 4 - Mesh convergence - Global Evaluation 1
# meshtest                                        Number of degrees of freedom (1)                  Velocity magnitude (m/s), Point: (0.185, 0.065, 0.0525)Velocity magnitude (m/s), Point: (0.185, 0.065, 0.065)Velocity magnitude (m/s), Point: (0.185, 0.065, 0.0775)Pressure (Pa), Point: (0.185, 0.065, 0.0525)      Pressure (Pa), Point: (0.185, 0.065, 0.065)       Pressure (Pa), Point: (0.185, 0.065, 0.0775)
1                                                 480600                                            21.042014754451955                                21.11293006291938                                 21.026487587151323                                -157.9322056027665                                -158.02279884852695                               -158.19308580414722
1.05                                              435450                                            21.03029578258414                                 21.106823771030708                                21.034457218766573                                -157.9762134278029                                -158.09978237177103                               -158.30533451983553
1.075                                             427785                                            21.00486316923598                                 21.063492579980544                                21.032218232283025                                -158.20174453101987                               -158.31892852475008                               -158.50013767519633
1.1                                               400590                                            21.00748951014632                                 21.048230106389244                                20.979624026063536                                -158.20579291097766                               -158.34821638086598                               -158.5043960897987
1.125                                             397384                                            21.00842052301071                                 21.060346216178754                                21.01631232858177                                 -158.1475068508716                                -158.30059438388292                               -158.46647085793762
1.15                                              397979                                            20.995077468075955                                21.048952466930086                                21.006419756673985                                -158.40039420814693                               -158.52066072646574                               -158.6901192758136
1.175                                             387969                                            21.00701516986695                                 21.060170533019324                                20.966043111340117                                -158.3096517501565                                -158.44139516954272                               -158.5905050617172
1.2                                               388697                                            21.01728532269045                                 21.05992363753754                                 20.98403731500226                                 -158.35002862904392                               -158.46505236415635                               -158.6262699678483
1.225                                             385533                                            20.993370175961108                                21.023172574348745                                20.977746354726055                                -158.4144761891302                                -158.50478686018133                               -158.67707204521807
1.25                                              379366                                            20.980225587170814                                21.037106134095495                                20.98262490078419                                 -158.6607666081874                                -158.7658883706523                                -158.9400070571841
1.275                                             377889                                            20.9890642789645                                  21.028204115146554                                20.97728887936437                                 -158.71202607135993                               -158.82869748792916                               -158.98649121412163
1.3                                               374900                                            20.98574475398938                                 21.03535481431691                                 20.97347744848254                                 -158.55359905284436                               -158.67032460454223                               -158.82030071181387
1.325                                             375502                                            20.960009805981443                                21.0103474168079                                  20.966079026718308                                -158.7756207616593                                -158.906643700029                                 -159.08955534694599
1.375                                             370798                                            20.985759066823732                                21.03239323135494                                 20.965686302342437                                -158.8813454335638                                -158.97521137785225                               -159.16017891712286
1.4                                               367452                                            20.96191058380426                                 21.00936505222885                                 20.983848801564154                                -159.09392241789217                               -159.22257691805677                               -159.40400392522787
