# Model:              L1_mesh_quality.mph
# Version:            COMSOL 5.5.0.359
# Date:               Nov 22 2021, 17:57
# Table:              Table 1 - Point Evaluation 1
# meshtest               t (s)                    Number of degrees of freedom (1), Point: (-14, -6)Velocity magnitude (m/s), Point: (-14, -6)Pressure (Pa), Point: (-14, -6)
1                        0                        83884                    1.8835216309963707E-6    561.2540055291081
1                        0.1                      83884                    0.006864555486413627     557.1047142491344
1                        0.2                      83884                    0.013229944730028314     551.0875942541526
1                        0.30000000000000004      83884                    0.019258394449595245     546.7960051846418
1                        0.4                      83884                    0.02491896310927094      541.5200204605031
1                        0.5                      83884                    0.030022966735290247     536.3578505386761
1                        0.6000000000000001       83884                    0.03424083104788992      533.430997289005
1                        0.7000000000000001       83884                    0.03710327953567849      525.7665194531334
1                        0.8                      83884                    0.03814179402769667      520.7410830414456
1                        0.9                      83884                    0.0366707270586737       515.6955343819112
1                        1                        83884                    0.03062854332746203      511.2110480759439
1                        1.1                      83884                    0.023491642431154425     508.87664662798124
1                        1.2000000000000002       83884                    0.01878663814842066      501.6995513570445
1                        1.3                      83884                    0.016797114021582384     498.41529127239585
1                        1.4000000000000001       83884                    0.017105189854752536     495.10477317379105
1                        1.5                      83884                    0.01880871609559887      494.02447509517737
1                        1.6                      83884                    0.019705666967334414     493.9007492252309
1                        1.7000000000000002       83884                    0.018380745324263044     493.28382502049044
1                        1.8                      83884                    0.015328557631739225     491.86370811668377
1                        1.9000000000000001       83884                    0.01166582083376123      490.2891074539223
1                        2                        83884                    0.00798839264708493      490.5198901035212
1                        2.1                      83884                    0.004724835545046682     490.68015816866256
1                        2.2                      83884                    0.003904532935495629     491.66984149781223
1                        2.3000000000000003       83884                    0.0069172632857719876    491.2265981830958
1                        2.4000000000000004       83884                    0.011590391205694852     491.41030183117715
1                        2.5                      83884                    0.017291064696357602     491.89464910843526
1                        2.6                      83884                    0.02313120252587275      493.40848700066044
1                        2.7                      83884                    0.02784099731894664      494.72655614913674
1                        2.8000000000000003       83884                    0.03134384931348301      495.8247555180124
1                        2.9000000000000004       83884                    0.03339691790125886      497.116156800903
1                        3                        83884                    0.033316530456173284     497.6177625519578
1                        3.1                      83884                    0.03091779166969593      499.1648677402663
1                        3.2                      83884                    0.02696028646485234      503.1953686874931
1                        3.3000000000000003       83884                    0.02187141081921519      506.3949279153586
1                        3.4000000000000004       83884                    0.016538013872545918     508.2521225922767
1                        3.5                      83884                    0.011728264264054461     509.44015528187003
1                        3.6                      83884                    0.007927272543722429     508.46243626821985
1                        3.7                      83884                    0.005293677333027849     504.68173424978374
1                        3.8000000000000003       83884                    0.00380615172499944      501.7670504275972
1                        3.9000000000000004       83884                    0.0031042318765050693    497.82501927932435
1                        4                        83884                    0.002534406935176894     499.1784251976114
1                        4.1000000000000005       83884                    0.0023065465162442136    488.5937665528875
1                        4.2                      83884                    0.002507121178911329     484.8906347826786
1                        4.3                      83884                    0.0026755854029248483    487.3401089612634
1                        4.4                      83884                    0.0027027652614171494    479.1781415278165
1                        4.5                      83884                    0.0024983970010467945    479.769854555625
1                        4.6000000000000005       83884                    0.00235466741109069      481.49755636561076
1                        4.7                      83884                    0.002091098024332657     479.60762139856877
1                        4.800000000000001        83884                    0.0026195394356952734    477.08200712696646
1                        4.9                      83884                    0.004174159384228982     506.4977458445583
1                        5                        83884                    0.005629496820630189     476.6647577085267
2                        0                        38738                    9.612546503598024E-6     561.5397975957634
2                        0.1                      38738                    0.006873547671321615     562.1628878512242
2                        0.2                      38738                    0.01326329909631509      559.0561956681437
2                        0.30000000000000004      38738                    0.01929824942037859      554.4553950657803
2                        0.4                      38738                    0.025053745566554226     549.2146638723146
2                        0.5                      38738                    0.03029337496085877      544.062293392684
2                        0.6000000000000001       38738                    0.03468357679382945      538.7467530449812
2                        0.7000000000000001       38738                    0.03781524288670619      533.6781154309214
2                        0.8                      38738                    0.03965850722912568      528.2602629049238
2                        0.9                      38738                    0.039017706086274626     522.9538687632661
2                        1                        38738                    0.03390773191604228      519.3693465067438
2                        1.1                      38738                    0.026945677680773782     513.3726278633761
2                        1.2000000000000002       38738                    0.020784644522674586     509.7797675864619
2                        1.3                      38738                    0.017166130163005285     506.67434200267877
2                        1.4000000000000001       38738                    0.01569720557557779      504.79480349035885
2                        1.5                      38738                    0.016441931658530713     502.6788874023964
2                        1.6                      38738                    0.017166358860741235     501.6310690125834
2                        1.7000000000000002       38738                    0.01564751546071683      501.1895707160885
2                        1.8                      38738                    0.012405806773032131     500.75384066316315
2                        1.9000000000000001       38738                    0.008218287356946508     499.6653579915715
2                        2                        38738                    0.004886356897054437     498.8008278935192
2                        2.1                      38738                    0.005569256354844338     498.21091132362176
2                        2.2                      38738                    0.00818797220579736      498.4501341335609
2                        2.3000000000000003       38738                    0.010663072556545874     499.41276688354225
2                        2.4000000000000004       38738                    0.013649710193261498     500.01816185123033
2                        2.5                      38738                    0.017277239135388797     500.41088120732195
2                        2.6                      38738                    0.02076904245741568      501.11113837190453
2                        2.7                      38738                    0.023386483376087938     501.891595831775
2                        2.8000000000000003       38738                    0.02581259614748392      504.14752220741735
2                        2.9000000000000004       38738                    0.027365589642494716     505.3180556484131
2                        3                        38738                    0.027887255308168327     507.5942763701367
2                        3.1                      38738                    0.02692255931483465      510.34849407629406
2                        3.2                      38738                    0.02450293382797026      513.0593736658726
2                        3.3000000000000003       38738                    0.020684823150243684     515.0239672713469
2                        3.4000000000000004       38738                    0.016047162723556913     516.3694102854424
2                        3.5                      38738                    0.011165323585793622     516.9543582635799
2                        3.6                      38738                    0.006770317762011638     518.3939717516521
2                        3.7                      38738                    0.0035037619644929466    518.760103115282
2                        3.8000000000000003       38738                    0.0029638309342719187    518.2671320325936
2                        3.9000000000000004       38738                    0.004356586739804332     519.1233896551195
2                        4                        38738                    0.005726550520068079     518.3751282556461
2                        4.1000000000000005       38738                    0.0069199061573846235    516.3827722733658
2                        4.2                      38738                    0.007448161626449715     516.5505398436268
2                        4.3                      38738                    0.007501047698097483     514.7556063553666
2                        4.4                      38738                    0.007443601307267832     514.0205409582062
2                        4.5                      38738                    0.0076857929075435085    513.3475907282644
2                        4.6000000000000005       38738                    0.007178457882067156     514.8657908107923
2                        4.7                      38738                    0.00796302351272253      512.4072659373412
2                        4.800000000000001        38738                    0.008070946414760628     514.1508788760764
2                        4.9                      38738                    0.00867698657208667      519.2145705177354
2                        5                        38738                    0.010455858352307714     510.6614769498753
3                        0                        24872                    1.0243252389159848E-5    561.784521467308
3                        0.1                      24872                    0.00682620543184392      562.816804450548
3                        0.2                      24872                    0.013234219675523266     559.4415244361005
3                        0.30000000000000004      24872                    0.019335160085523353     555.2654234430386
3                        0.4                      24872                    0.02518954387322188      550.7027645424968
3                        0.5                      24872                    0.03064954893184238      545.472640850067
3                        0.6000000000000001       24872                    0.03536565559215691      540.2149311845561
3                        0.7000000000000001       24872                    0.03893004198219319      534.848155578121
3                        0.8                      24872                    0.04123735232834716      529.6918787852433
3                        0.9                      24872                    0.040424836166090314     524.5302629641094
3                        1                        24872                    0.035574394226108044     519.7040467239777
3                        1.1                      24872                    0.030388495773364606     515.2555583931248
3                        1.2000000000000002       24872                    0.025478751677930393     511.50303061732376
3                        1.3                      24872                    0.022363558290913868     508.35940647131457
3                        1.4000000000000001       24872                    0.02114275558747851      506.2524838775174
3                        1.5                      24872                    0.019157978856326495     504.43049616126405
3                        1.6                      24872                    0.015891999286662163     503.2998552612562
3                        1.7000000000000002       24872                    0.012772178960167998     502.61537960334744
3                        1.8                      24872                    0.009356328490129857     501.95822004556794
3                        1.9000000000000001       24872                    0.006018212119498372     501.393352538051
3                        2                        24872                    0.0031032440929870107    500.9149572702219
3                        2.1                      24872                    0.0023940826439308597    500.5998827542748
3                        2.2                      24872                    0.005004739709522863     500.64413100013957
3                        2.3000000000000003       24872                    0.00710837964659713      501.3256095872809
3                        2.4000000000000004       24872                    0.009462478986615067     501.19419312056516
3                        2.5                      24872                    0.012282736838622224     501.7535221548141
3                        2.6                      24872                    0.015378400718729196     502.4038614089584
3                        2.7                      24872                    0.018648846699854026     503.3985341939226
3                        2.8000000000000003       24872                    0.021709677102492254     504.78208112989574
3                        2.9000000000000004       24872                    0.02235488807955428      506.53615034829994
3                        3                        24872                    0.02230078107225746      508.967922965678
3                        3.1                      24872                    0.02151443999532491      511.53924855912027
3                        3.2                      24872                    0.020096163944748172     514.0774529069379
3                        3.3000000000000003       24872                    0.01777017781379688      516.4486739882341
3                        3.4000000000000004       24872                    0.014720067956534025     518.5210012285572
3                        3.5                      24872                    0.011439762122669046     519.8672188859026
3                        3.6                      24872                    0.008316392728782774     520.9778136607758
3                        3.7                      24872                    0.005911657288839549     522.0120957109986
3                        3.8000000000000003       24872                    0.004434606192024759     522.9138769678868
3                        3.9000000000000004       24872                    0.0041667324847441305    523.0723538511023
3                        4                        24872                    0.0046897485821283825    522.5552961231824
3                        4.1000000000000005       24872                    0.005252818043294066     521.6765044865822
3                        4.2                      24872                    0.005705569430959189     522.0215147657383
3                        4.3                      24872                    0.0061355561778214844    520.1434657413582
3                        4.4                      24872                    0.007492642512402392     519.8017056860818
3                        4.5                      24872                    0.008788688505847658     519.0879372813275
3                        4.6000000000000005       24872                    0.009633350106785446     518.3862902271163
3                        4.7                      24872                    0.009658132243910144     517.9255024084769
3                        4.800000000000001        24872                    0.008742056022867081     517.5283357529182
3                        4.9                      24872                    0.008979707111264005     517.3677513175389
3                        5                        24872                    0.008492611297379262     516.3541443622396
4                        0                        19244                    1.123465302911027E-5     561.920377673122
4                        0.1                      19244                    0.006852604935219921     563.219051724427
4                        0.2                      19244                    0.013220286263742274     560.4648653628971
4                        0.30000000000000004      19244                    0.019349679518659315     556.2796987567943
4                        0.4                      19244                    0.0253158583495337       551.2723422091917
4                        0.5                      19244                    0.030929547299757762     546.1764759216392
4                        0.6000000000000001       19244                    0.035809536787419584     540.9246038211711
4                        0.7000000000000001       19244                    0.039706211486754475     535.5316338042193
4                        0.8                      19244                    0.04263165654920907      530.3299772156656
4                        0.9                      19244                    0.042194112846143314     525.2537060134775
4                        1                        19244                    0.038274131839865215     520.4428335076823
4                        1.1                      19244                    0.032974371813292845     516.0742977512073
4                        1.2000000000000002       19244                    0.026730374622490487     512.163868696227
4                        1.3                      19244                    0.021804323814275342     509.15962526920794
4                        1.4000000000000001       19244                    0.01995333375528736      506.76822654955043
4                        1.5                      19244                    0.01926801762870768      505.1139492316425
4                        1.6                      19244                    0.017615599108055713     503.9268576622214
4                        1.7000000000000002       19244                    0.014630112182433324     503.01214078249086
4                        1.8                      19244                    0.010912086298957064     502.3452908552671
4                        1.9000000000000001       19244                    0.00786912443889446      501.8735109246937
4                        2                        19244                    0.006066203336227107     501.58254122839986
4                        2.1                      19244                    0.005352657147371936     501.3527934905473
4                        2.2                      19244                    0.005385853513938656     501.3753462006922
4                        2.3000000000000003       19244                    0.006738851247677955     501.6527620086408
4                        2.4000000000000004       19244                    0.009151584134806318     502.04567540872216
4                        2.5                      19244                    0.013416213989267617     502.28185956354145
4                        2.6                      19244                    0.017239709917719236     503.00023291473116
4                        2.7                      19244                    0.019945447232781972     503.94733984707335
4                        2.8000000000000003       19244                    0.0219157379258535       505.6305050515663
4                        2.9000000000000004       19244                    0.023336144785037313     507.5402403929005
4                        3                        19244                    0.023954271493181797     510.0348590376074
4                        3.1                      19244                    0.02354373844324826      512.81409088546
4                        3.2                      19244                    0.02191377834168929      515.5431256915566
4                        3.3000000000000003       19244                    0.019230181761119656     518.1545265448167
4                        3.4000000000000004       19244                    0.015599874376251235     520.352937438402
4                        3.5                      19244                    0.011434883676656347     522.067141591612
4                        3.6                      19244                    0.007248675710137387     523.2355724500516
4                        3.7                      19244                    0.003330277106411414     524.284102837419
4                        3.8000000000000003       19244                    1.720260880747547E-4     524.4926630712383
4                        3.9000000000000004       19244                    0.0022374478056428637    524.2216798521766
4                        4                        19244                    0.0038302431963556883    523.7591677360148
4                        4.1000000000000005       19244                    0.004981554851010063     522.9256427660052
4                        4.2                      19244                    0.005566766639028872     522.5793985207599
4                        4.3                      19244                    0.005654685868699121     522.1324336204492
4                        4.4                      19244                    0.005510766375711009     521.2505333300477
4                        4.5                      19244                    0.005496577288332334     520.7938064222755
4                        4.6000000000000005       19244                    0.005718681202798372     520.038143399651
4                        4.7                      19244                    0.006126129245847229     519.497913439876
4                        4.800000000000001        19244                    0.006842910304525596     518.6339084617971
4                        4.9                      19244                    0.007803944382914452     517.899105325611
4                        5                        19244                    0.00925833945833116      516.6057736633167
5                        0                        15788                    1.1229516268338739E-5    561.7107899692824
5                        0.1                      15788                    0.006714353472307016     563.2926807174755
5                        0.2                      15788                    0.0130340342008104       560.4287934900199
5                        0.30000000000000004      15788                    0.019100638387700312     556.3643237014772
5                        0.4                      15788                    0.02512800781043842      551.6594326578977
5                        0.5                      15788                    0.030891216561611024     546.537912291851
5                        0.6000000000000001       15788                    0.03597368746058895      541.1118311963562
5                        0.7000000000000001       15788                    0.03999412784232974      535.7335691215008
5                        0.8                      15788                    0.042376868809656826     530.5159140834718
5                        0.9                      15788                    0.041849419778761617     525.3424761687099
5                        1                        15788                    0.038554155726466574     520.56335168722
5                        1.1                      15788                    0.03384443772513555      516.2184601510174
5                        1.2000000000000002       15788                    0.0287762889779785       512.484965197767
5                        1.3                      15788                    0.025947150032325617     509.44372571748175
5                        1.4000000000000001       15788                    0.025243526407864553     507.0654838430182
5                        1.5                      15788                    0.024163888918044704     505.2992512405821
5                        1.6                      15788                    0.021480381443314035     504.1184564764113
5                        1.7000000000000002       15788                    0.01830647800761992      503.2232424433772
5                        1.8                      15788                    0.015112275498625798     502.6406498621528
5                        1.9000000000000001       15788                    0.012360810887469504     502.199404525524
5                        2                        15788                    0.010621976753509569     501.89107896811464
5                        2.1                      15788                    0.01011687043580503      501.8796145246343
5                        2.2                      15788                    0.01085306221609535      501.98156558513955
5                        2.3000000000000003       15788                    0.012738260470785783     502.308688956183
5                        2.4000000000000004       15788                    0.015241470511720917     502.59800668667305
5                        2.5                      15788                    0.017963866834851776     503.0002110976861
5                        2.6                      15788                    0.020558000412646653     503.63194926007236
5                        2.7                      15788                    0.022234702107181176     504.64969016646825
5                        2.8000000000000003       15788                    0.022572477461956203     506.1747762135002
5                        2.9000000000000004       15788                    0.02226965610090117      508.16954295130444
5                        3                        15788                    0.02177335332862782      510.5667205160668
5                        3.1                      15788                    0.020726467795389395     513.3447868589204
5                        3.2                      15788                    0.018766405267315704     516.1503494613253
5                        3.3000000000000003       15788                    0.015796374138623604     518.7741200375788
5                        3.4000000000000004       15788                    0.012124550288708342     520.9598532400101
5                        3.5                      15788                    0.00817547112072446      522.658291747391
5                        3.6                      15788                    0.004839876035093671     523.7913944490399
5                        3.7                      15788                    0.0018928776687439782    524.6840642632618
5                        3.8000000000000003       15788                    0.001046237432896829     524.9959413965022
5                        3.9000000000000004       15788                    0.002895456996391273     524.8929592956491
5                        4                        15788                    0.004286564086189662     524.3493786685149
5                        4.1000000000000005       15788                    0.005146572172627554     523.8702107184299
5                        4.2                      15788                    0.005619314748132992     523.140290156556
5                        4.3                      15788                    0.006141266524470849     522.6791080109982
5                        4.4                      15788                    0.0069937491394129105    522.1291818737353
5                        4.5                      15788                    0.00825054685453596      521.3487967258977
5                        4.6000000000000005       15788                    0.010022291271424037     520.6672108134694
5                        4.7                      15788                    0.011655506733438688     520.0208871503362
5                        4.800000000000001        15788                    0.013239478582760854     519.3762526389145
5                        4.9                      15788                    0.014910345446293813     518.5763859775527
5                        5                        15788                    0.01651171368388721      517.6390412833831
