00 8.3
01 8.3
02 8.2
03 8.1
04 8.0
05 8.0
06 7.9
07 7.8
08 7.6
09 7.5
10 7.5
11 7.4
12 7.3
13 7.1
14 7.0
15 7.0
16 6.9
17 6.8
18 6.7
19 6.5
20 6.4
21 6.3
22 6.2
23 6.1
24 6.0
25 5.9
26 5.8
27 5.8
28 5.7
29 5.6 
00 5.6
01 5.5
02 5.3
03 5.2
04 5.1
05 5.1
06 5.0
07 5.0
08 4.9
09 4.9
10 4.8
11 4.8
12 4.8
13 4.7
14 4.7
15 4.7
16 4.6
17 4.6
18 4.5
19 4.5
20 4.5
21 4.5
22 4.5
23 4.4
24 4.4
25 4.4
26 4.5
27 4.5
28 4.5
29 4.5
00 4.5
01 4.5
02 4.5
03 4.5
04 4.5
05 4.6
06 4.6
07 4.6
08 4.7
09 4.7
10 4.8
11 4.8
12 4.8
13 4.9
14 4.9
15 4.9
16 4.9
17 5.0
18 5.0
19 5.0
20 5.0
21 5.1
22 5.1
23 5.1
24 5.1
25 5.2
26 5.2
27 5.2
28 5.3
29 5.3
00 5.3
01 5.3
02 5.4
03 5.4
04 5.4
05 5.4
06 5.4
07 5.4
08 5.5
09 5.5
10 5.5
11 5.5
12 5.5
13 5.5
14 5.5
15 5.5
16 5.6
17 5.6
18 5.6
19 5.6
20 5.6
21 5.6
22 5.6
23 5.6
24 5.6
25 5.6
26 5.6
27 5.6
28 5.6
29 5.6
00 5.6
01 5.6
02 5.6
03 5.7
04 5.7
05 5.7
06 5.7
07 5.6
08 5.6
09 5.6
10 5.6
11 5.6
12 5.6
13 5.6
14 5.5
15 5.5
16 5.5
17 5.5
18 5.5
19 5.5
20 5.5
21 5.5
22 5.5
23 5.5
24 5.5
25 5.5
26 5.5
27 5.5
28 5.5
29 5.5
