#*************************************************************************
#*************************************************************************
#   STATISTICS FROM DNS OF TURBULENT CHANNEL FLOW AT RETAU = 999

# References:

# M. Bernardini, S. Pirozzoli, P. Orlandi, "Velocity statistics in turbulent
# channel flow up to Retau=4000" Journal of Fluid Mechanics Volume 742, March 2014, Pages 171-191

#*************************************************************************
#*************************************************************************
#*
#* Date of file: January 07, 2014
#*
# ***********************************
# Wall-normal profiles:
# ***********************************

#        y                y+              U+              u'+             v'+             w'+            u'v'+           omx+'           omz'+          omy'+ 
0.1668930E-04   0.1666828E-01   0.1666122E-01   0.7060292E-02   0.6382515E-05   0.4463534E-02  -0.1016802E-07   0.2738394E+00   0.4246851E+00   0.5833554E-03
0.8368492E-04   0.8357953E-01   0.8341742E-01   0.3552921E-01   0.1177552E-03   0.2314964E-01  -0.8990589E-06   0.2768288E+00   0.4255324E+00   0.2920975E-02
0.2175570E-03   0.2172830E+00   0.2167972E+00   0.9238414E-01   0.6779256E-03   0.5975894E-01  -0.1348437E-04   0.2684453E+00   0.4244834E+00   0.7592850E-02
0.4183054E-03   0.4177786E+00   0.4167672E+00   0.1773410E+00   0.2312331E-02   0.1124454E+00  -0.9214708E-04   0.2555724E+00   0.4229509E+00   0.1460181E-01
0.6859899E-03   0.6851259E+00   0.6833062E+00   0.2900991E+00   0.5833338E-02   0.1786844E+00  -0.4070316E-03   0.2396536E+00   0.4213567E+00   0.2394985E-01
0.1020551E-02   0.1019265E+01   0.1016143E+01   0.4302872E+00   0.1211987E-01   0.2556626E+00  -0.1360335E-02   0.2217477E+00   0.4195154E+00   0.3560805E-01
0.1421988E-02   0.1420197E+01   0.1414716E+01   0.5971518E+00   0.2199487E-01   0.3402648E+00  -0.3730251E-02   0.2025351E+00   0.4165166E+00   0.4946851E-01
0.1890242E-02   0.1887861E+01   0.1877818E+01   0.7889972E+00   0.3610550E-01   0.4292572E+00  -0.8788376E-02   0.1832051E+00   0.4110836E+00   0.6527073E-01
0.2425313E-02   0.2422258E+01   0.2403044E+01   0.1002496E+01   0.5483527E-01   0.5195682E+00  -0.1829716E-01   0.1654687E+00   0.4019702E+00   0.8254751E-01
0.3027201E-02   0.3023388E+01   0.2986040E+01   0.1232125E+01   0.7826576E-01   0.6085039E+00  -0.3430426E-01   0.1512509E+00   0.3885151E+00   0.1006351E+00
0.3695726E-02   0.3691072E+01   0.3620179E+01   0.1470272E+01   0.1061979E+00   0.6939813E+00  -0.5874283E-01   0.1421540E+00   0.3710776E+00   0.1187615E+00
0.4431009E-02   0.4425429E+01   0.4296026E+01   0.1707768E+01   0.1382170E+00   0.7745841E+00  -0.9293902E-01   0.1387284E+00   0.3511103E+00   0.1361443E+00
0.5232871E-02   0.5226280E+01   0.5001541E+01   0.1935034E+01   0.1737735E+00   0.8495507E+00  -0.1371941E+00   0.1401676E+00   0.3307831E+00   0.1520883E+00
0.6101370E-02   0.6093686E+01   0.5722987E+01   0.2143442E+01   0.2122647E+00   0.9186800E+00  -0.1905988E+00   0.1447844E+00   0.3122576E+00   0.1660616E+00
0.7036328E-02   0.7027467E+01   0.6445693E+01   0.2326303E+01   0.2530913E+00   0.9821134E+00  -0.2511332E+00   0.1508195E+00   0.2969275E+00   0.1777278E+00
0.8037806E-02   0.8027682E+01   0.7155768E+01   0.2479591E+01   0.2956879E+00   0.1040196E+01  -0.3160319E+00   0.1569452E+00   0.2850266E+00   0.1869569E+00
0.9105682E-02   0.9094214E+01   0.7840955E+01   0.2601910E+01   0.3395368E+00   0.1093300E+01  -0.3822780E+00   0.1623677E+00   0.2758298E+00   0.1937921E+00
0.1023984E-01   0.1022694E+02   0.8491711E+01   0.2694149E+01   0.3841598E+00   0.1141752E+01  -0.4470843E+00   0.1667177E+00   0.2682047E+00   0.1984087E+00
0.1144028E-01   0.1142587E+02   0.9101452E+01   0.2758802E+01   0.4291055E+00   0.1185794E+01  -0.5082247E+00   0.1699053E+00   0.2611485E+00   0.2010606E+00
0.1270688E-01   0.1269087E+02   0.9666569E+01   0.2799293E+01   0.4739454E+00   0.1225611E+01  -0.5641949E+00   0.1719950E+00   0.2540301E+00   0.2020346E+00
0.1403952E-01   0.1402183E+02   0.1018599E+02   0.2819387E+01   0.5182698E+00   0.1261353E+01  -0.6142023E+00   0.1731123E+00   0.2465819E+00   0.2016144E+00
0.1543820E-01   0.1541876E+02   0.1066055E+02   0.2822785E+01   0.5616917E+00   0.1293174E+01  -0.6580347E+00   0.1734025E+00   0.2387886E+00   0.2000591E+00
0.1690274E-01   0.1688146E+02   0.1109251E+02   0.2812882E+01   0.6038624E+00   0.1321258E+01  -0.6959034E+00   0.1730061E+00   0.2307436E+00   0.1975933E+00
0.1843309E-01   0.1840988E+02   0.1148494E+02   0.2792660E+01   0.6444789E+00   0.1345822E+01  -0.7282757E+00   0.1720438E+00   0.2225778E+00   0.1944069E+00
0.2002919E-01   0.2000396E+02   0.1184131E+02   0.2764655E+01   0.6832914E+00   0.1367113E+01  -0.7557363E+00   0.1706165E+00   0.2144137E+00   0.1906576E+00
0.2169085E-01   0.2166353E+02   0.1216519E+02   0.2730979E+01   0.7201088E+00   0.1385396E+01  -0.7789008E+00   0.1688054E+00   0.2063418E+00   0.1864773E+00
0.2341795E-01   0.2338846E+02   0.1246007E+02   0.2693376E+01   0.7547979E+00   0.1400944E+01  -0.7983624E+00   0.1666823E+00   0.1984286E+00   0.1819779E+00
0.2521050E-01   0.2517875E+02   0.1272922E+02   0.2653266E+01   0.7872768E+00   0.1414025E+01  -0.8146632E+00   0.1643059E+00   0.1907318E+00   0.1772544E+00
0.2706820E-01   0.2703411E+02   0.1297564E+02   0.2611792E+01   0.8175097E+00   0.1424894E+01  -0.8282767E+00   0.1617236E+00   0.1832880E+00   0.1723865E+00
0.2899104E-01   0.2895453E+02   0.1320203E+02   0.2569869E+01   0.8455026E+00   0.1433784E+01  -0.8396146E+00   0.1589708E+00   0.1761190E+00   0.1674440E+00
0.3097892E-01   0.3093990E+02   0.1341081E+02   0.2528208E+01   0.8712933E+00   0.1440907E+01  -0.8490224E+00   0.1560848E+00   0.1692573E+00   0.1624860E+00
0.3303164E-01   0.3299004E+02   0.1360414E+02   0.2487360E+01   0.8949442E+00   0.1446439E+01  -0.8567852E+00   0.1530980E+00   0.1627088E+00   0.1575614E+00
0.3514910E-01   0.3510483E+02   0.1378391E+02   0.2447751E+01   0.9165359E+00   0.1450530E+01  -0.8631552E+00   0.1500441E+00   0.1564770E+00   0.1527120E+00
0.3733110E-01   0.3728409E+02   0.1395179E+02   0.2409711E+01   0.9361608E+00   0.1453329E+01  -0.8683560E+00   0.1469539E+00   0.1505676E+00   0.1479728E+00
0.3957748E-01   0.3952764E+02   0.1410923E+02   0.2373470E+01   0.9539204E+00   0.1454994E+01  -0.8725671E+00   0.1438351E+00   0.1449876E+00   0.1433707E+00
0.4188824E-01   0.4183548E+02   0.1425752E+02   0.2339162E+01   0.9699223E+00   0.1455670E+01  -0.8759391E+00   0.1406998E+00   0.1397432E+00   0.1389263E+00
0.4426312E-01   0.4420738E+02   0.1439779E+02   0.2306856E+01   0.9842763E+00   0.1455474E+01  -0.8785943E+00   0.1375708E+00   0.1348095E+00   0.1346526E+00
0.4670191E-01   0.4664309E+02   0.1453100E+02   0.2276573E+01   0.9970952E+00   0.1454498E+01  -0.8806447E+00   0.1344638E+00   0.1301854E+00   0.1305582E+00
0.4920459E-01   0.4914262E+02   0.1465805E+02   0.2248287E+01   0.1008489E+01   0.1452819E+01  -0.8821812E+00   0.1313887E+00   0.1258648E+00   0.1266485E+00
0.5177087E-01   0.5170567E+02   0.1477967E+02   0.2221943E+01   0.1018563E+01   0.1450491E+01  -0.8832808E+00   0.1283555E+00   0.1218250E+00   0.1229242E+00
0.5440056E-01   0.5433205E+02   0.1489652E+02   0.2197461E+01   0.1027424E+01   0.1447562E+01  -0.8839937E+00   0.1253742E+00   0.1180386E+00   0.1193818E+00
0.5709362E-01   0.5702171E+02   0.1500917E+02   0.2174745E+01   0.1035178E+01   0.1444087E+01  -0.8843480E+00   0.1224552E+00   0.1144938E+00   0.1160173E+00
0.5984974E-01   0.5977436E+02   0.1511813E+02   0.2153680E+01   0.1041924E+01   0.1440135E+01  -0.8843678E+00   0.1196191E+00   0.1111797E+00   0.1128230E+00
0.6266880E-01   0.6258987E+02   0.1522381E+02   0.2134150E+01   0.1047753E+01   0.1435784E+01  -0.8840861E+00   0.1168534E+00   0.1080798E+00   0.1097926E+00
0.6555063E-01   0.6546807E+02   0.1532661E+02   0.2116035E+01   0.1052752E+01   0.1431096E+01  -0.8835283E+00   0.1141592E+00   0.1051630E+00   0.1069163E+00
0.6849498E-01   0.6840871E+02   0.1542681E+02   0.2099232E+01   0.1056996E+01   0.1426129E+01  -0.8827303E+00   0.1115476E+00   0.1024144E+00   0.1041859E+00
0.7150173E-01   0.7141168E+02   0.1552470E+02   0.2083618E+01   0.1060557E+01   0.1420938E+01  -0.8817113E+00   0.1090155E+00   0.9982260E-01   0.1015926E+00
0.7457054E-01   0.7447662E+02   0.1562049E+02   0.2069080E+01   0.1063501E+01   0.1415557E+01  -0.8804842E+00   0.1065675E+00   0.9737378E-01   0.9912717E-01
0.7770133E-01   0.7760347E+02   0.1571437E+02   0.2055519E+01   0.1065890E+01   0.1410006E+01  -0.8790854E+00   0.1042037E+00   0.9506310E-01   0.9678280E-01
0.8089387E-01   0.8079199E+02   0.1580647E+02   0.2042840E+01   0.1067784E+01   0.1404318E+01  -0.8775337E+00   0.1019215E+00   0.9286980E-01   0.9455129E-01
0.8414793E-01   0.8404195E+02   0.1589693E+02   0.2030956E+01   0.1069232E+01   0.1398521E+01  -0.8758177E+00   0.9971359E-01   0.9078969E-01   0.9242410E-01
0.8746326E-01   0.8735310E+02   0.1598586E+02   0.2019803E+01   0.1070278E+01   0.1392637E+01  -0.8739494E+00   0.9758276E-01   0.8880740E-01   0.9039430E-01
0.9083962E-01   0.9072522E+02   0.1607338E+02   0.2009307E+01   0.1070965E+01   0.1386690E+01  -0.8719394E+00   0.9553090E-01   0.8690868E-01   0.8845412E-01
0.9427691E-01   0.9415817E+02   0.1615958E+02   0.1999384E+01   0.1071331E+01   0.1380717E+01  -0.8697854E+00   0.9355002E-01   0.8509655E-01   0.8659766E-01
0.9777474E-01   0.9765160E+02   0.1624455E+02   0.1989945E+01   0.1071415E+01   0.1374733E+01  -0.8674905E+00   0.9163630E-01   0.8337208E-01   0.8482049E-01
0.1013331E+00   0.1012055E+03   0.1632836E+02   0.1980917E+01   0.1071252E+01   0.1368731E+01  -0.8650585E+00   0.8979495E-01   0.8172382E-01   0.8311513E-01
0.1049515E+00   0.1048193E+03   0.1641107E+02   0.1972242E+01   0.1070872E+01   0.1362734E+01  -0.8625037E+00   0.8801869E-01   0.8012084E-01   0.8147654E-01
0.1086298E+00   0.1084930E+03   0.1649270E+02   0.1963869E+01   0.1070302E+01   0.1356768E+01  -0.8598526E+00   0.8630376E-01   0.7858177E-01   0.7990330E-01
0.1123679E+00   0.1122263E+03   0.1657331E+02   0.1955753E+01   0.1069563E+01   0.1350823E+01  -0.8571081E+00   0.8465008E-01   0.7712691E-01   0.7839318E-01
0.1161653E+00   0.1160190E+03   0.1665294E+02   0.1947869E+01   0.1068674E+01   0.1344894E+01  -0.8542608E+00   0.8305802E-01   0.7572340E-01   0.7694139E-01
0.1200218E+00   0.1198707E+03   0.1673163E+02   0.1940200E+01   0.1067647E+01   0.1338996E+01  -0.8513209E+00   0.8152196E-01   0.7436371E-01   0.7554386E-01
0.1239372E+00   0.1237812E+03   0.1680941E+02   0.1932711E+01   0.1066494E+01   0.1333136E+01  -0.8482832E+00   0.8004016E-01   0.7306258E-01   0.7419699E-01
0.1279113E+00   0.1277502E+03   0.1688632E+02   0.1925369E+01   0.1065221E+01   0.1327322E+01  -0.8451357E+00   0.7861058E-01   0.7181312E-01   0.7289745E-01
0.1319438E+00   0.1317776E+03   0.1696238E+02   0.1918160E+01   0.1063836E+01   0.1321550E+01  -0.8418733E+00   0.7723229E-01   0.7059481E-01   0.7164227E-01
0.1360344E+00   0.1358630E+03   0.1703762E+02   0.1911041E+01   0.1062347E+01   0.1315825E+01  -0.8384870E+00   0.7590175E-01   0.6942067E-01   0.7042859E-01
0.1401828E+00   0.1400062E+03   0.1711206E+02   0.1903972E+01   0.1060766E+01   0.1310161E+01  -0.8349868E+00   0.7461172E-01   0.6829452E-01   0.6925552E-01
0.1443887E+00   0.1442069E+03   0.1718574E+02   0.1896941E+01   0.1059104E+01   0.1304547E+01  -0.8313951E+00   0.7336254E-01   0.6720462E-01   0.6812056E-01
0.1486520E+00   0.1484647E+03   0.1725867E+02   0.1889937E+01   0.1057370E+01   0.1298970E+01  -0.8277178E+00   0.7216346E-01   0.6614889E-01   0.6702061E-01
0.1529721E+00   0.1527794E+03   0.1733086E+02   0.1882957E+01   0.1055567E+01   0.1293461E+01  -0.8239418E+00   0.7100462E-01   0.6512445E-01   0.6595344E-01
0.1573490E+00   0.1571508E+03   0.1740234E+02   0.1875998E+01   0.1053694E+01   0.1288033E+01  -0.8200629E+00   0.6987598E-01   0.6412480E-01   0.6491760E-01
0.1617823E+00   0.1615786E+03   0.1747312E+02   0.1869071E+01   0.1051752E+01   0.1282688E+01  -0.8161108E+00   0.6877869E-01   0.6314920E-01   0.6391359E-01
0.1662717E+00   0.1660623E+03   0.1754322E+02   0.1862168E+01   0.1049747E+01   0.1277430E+01  -0.8120862E+00   0.6770542E-01   0.6220552E-01   0.6294109E-01
0.1708169E+00   0.1706018E+03   0.1761267E+02   0.1855272E+01   0.1047690E+01   0.1272245E+01  -0.8079653E+00   0.6666353E-01   0.6129412E-01   0.6199759E-01
0.1754177E+00   0.1751967E+03   0.1768150E+02   0.1848369E+01   0.1045593E+01   0.1267106E+01  -0.8037258E+00   0.6566153E-01   0.6040568E-01   0.6108161E-01
0.1800735E+00   0.1798467E+03   0.1774970E+02   0.1841439E+01   0.1043463E+01   0.1261999E+01  -0.7993834E+00   0.6469601E-01   0.5954145E-01   0.6019308E-01
0.1847843E+00   0.1845516E+03   0.1781729E+02   0.1834475E+01   0.1041300E+01   0.1256920E+01  -0.7949680E+00   0.6375965E-01   0.5870849E-01   0.5933011E-01
0.1895496E+00   0.1893108E+03   0.1788428E+02   0.1827488E+01   0.1039096E+01   0.1251847E+01  -0.7904832E+00   0.6284307E-01   0.5789711E-01   0.5848929E-01
0.1943692E+00   0.1941244E+03   0.1795068E+02   0.1820495E+01   0.1036848E+01   0.1246766E+01  -0.7859445E+00   0.6195565E-01   0.5709715E-01   0.5766967E-01
0.1992427E+00   0.1989918E+03   0.1801647E+02   0.1813499E+01   0.1034554E+01   0.1241686E+01  -0.7813594E+00   0.6108996E-01   0.5631121E-01   0.5687155E-01
0.2041698E+00   0.2039126E+03   0.1808166E+02   0.1806508E+01   0.1032215E+01   0.1236628E+01  -0.7767273E+00   0.6023771E-01   0.5555247E-01   0.5609473E-01
0.2091501E+00   0.2088867E+03   0.1814627E+02   0.1799531E+01   0.1029826E+01   0.1231611E+01  -0.7720432E+00   0.5940776E-01   0.5481910E-01   0.5533701E-01
0.2141834E+00   0.2139137E+03   0.1821026E+02   0.1792586E+01   0.1027386E+01   0.1226651E+01  -0.7673329E+00   0.5859693E-01   0.5410305E-01   0.5459845E-01
0.2192693E+00   0.2189932E+03   0.1827365E+02   0.1785658E+01   0.1024894E+01   0.1221733E+01  -0.7625789E+00   0.5780210E-01   0.5339159E-01   0.5387954E-01
0.2244075E+00   0.2241249E+03   0.1833646E+02   0.1778691E+01   0.1022357E+01   0.1216803E+01  -0.7577509E+00   0.5703297E-01   0.5270305E-01   0.5317942E-01
0.2295976E+00   0.2293084E+03   0.1839873E+02   0.1771638E+01   0.1019777E+01   0.1211830E+01  -0.7528564E+00   0.5629008E-01   0.5204445E-01   0.5249600E-01
0.2348392E+00   0.2345434E+03   0.1846048E+02   0.1764493E+01   0.1017144E+01   0.1206829E+01  -0.7479043E+00   0.5556816E-01   0.5140736E-01   0.5182778E-01
0.2401320E+00   0.2398295E+03   0.1852172E+02   0.1757275E+01   0.1014453E+01   0.1201827E+01  -0.7428965E+00   0.5486365E-01   0.5078200E-01   0.5117340E-01
0.2454757E+00   0.2451665E+03   0.1858244E+02   0.1750016E+01   0.1011697E+01   0.1196851E+01  -0.7378396E+00   0.5416752E-01   0.5015588E-01   0.5053253E-01
0.2508699E+00   0.2505540E+03   0.1864263E+02   0.1742730E+01   0.1008875E+01   0.1191914E+01  -0.7327236E+00   0.5348371E-01   0.4954021E-01   0.4990611E-01
0.2563143E+00   0.2559915E+03   0.1870231E+02   0.1735398E+01   0.1005992E+01   0.1187024E+01  -0.7275294E+00   0.5281459E-01   0.4894643E-01   0.4929270E-01
0.2618083E+00   0.2614786E+03   0.1876148E+02   0.1728006E+01   0.1003058E+01   0.1182149E+01  -0.7222632E+00   0.5215292E-01   0.4836817E-01   0.4869056E-01
0.2673519E+00   0.2670152E+03   0.1882016E+02   0.1720567E+01   0.1000079E+01   0.1177274E+01  -0.7169425E+00   0.5150681E-01   0.4780152E-01   0.4809929E-01
0.2729445E+00   0.2726007E+03   0.1887836E+02   0.1713086E+01   0.9970574E+00   0.1172385E+01  -0.7115732E+00   0.5088272E-01   0.4724251E-01   0.4751926E-01
0.2785857E+00   0.2782348E+03   0.1893611E+02   0.1705551E+01   0.9939919E+00   0.1167468E+01  -0.7061341E+00   0.5026801E-01   0.4669986E-01   0.4695120E-01
0.2842752E+00   0.2839171E+03   0.1899341E+02   0.1697967E+01   0.9908817E+00   0.1162543E+01  -0.7006119E+00   0.4965788E-01   0.4616899E-01   0.4639545E-01
0.2900126E+00   0.2896473E+03   0.1905029E+02   0.1690325E+01   0.9877296E+00   0.1157613E+01  -0.6949996E+00   0.4905626E-01   0.4563979E-01   0.4585026E-01
0.2957976E+00   0.2954250E+03   0.1910679E+02   0.1682611E+01   0.9845442E+00   0.1152655E+01  -0.6893243E+00   0.4846988E-01   0.4511874E-01   0.4531507E-01
0.3016297E+00   0.3012498E+03   0.1916288E+02   0.1674849E+01   0.9813358E+00   0.1147632E+01  -0.6836132E+00   0.4789427E-01   0.4460853E-01   0.4479001E-01
0.3075085E+00   0.3071212E+03   0.1921855E+02   0.1667062E+01   0.9781089E+00   0.1142524E+01  -0.6778773E+00   0.4733425E-01   0.4410619E-01   0.4427423E-01
0.3134336E+00   0.3130389E+03   0.1927379E+02   0.1659262E+01   0.9748643E+00   0.1137348E+01  -0.6721019E+00   0.4678642E-01   0.4361083E-01   0.4376786E-01
0.3194047E+00   0.3190024E+03   0.1932861E+02   0.1651446E+01   0.9716011E+00   0.1132146E+01  -0.6662917E+00   0.4625079E-01   0.4312738E-01   0.4327131E-01
0.3254215E+00   0.3250116E+03   0.1938300E+02   0.1643593E+01   0.9683132E+00   0.1126941E+01  -0.6604629E+00   0.4572945E-01   0.4265562E-01   0.4278255E-01
0.3314832E+00   0.3310658E+03   0.1943696E+02   0.1635684E+01   0.9649921E+00   0.1121713E+01  -0.6546223E+00   0.4522134E-01   0.4218854E-01   0.4230167E-01
0.3375899E+00   0.3371647E+03   0.1949052E+02   0.1627710E+01   0.9616309E+00   0.1116470E+01  -0.6487627E+00   0.4472562E-01   0.4172658E-01   0.4182934E-01
0.3437407E+00   0.3433078E+03   0.1954370E+02   0.1619637E+01   0.9582264E+00   0.1111237E+01  -0.6428633E+00   0.4423299E-01   0.4126936E-01   0.4136553E-01
0.3499355E+00   0.3494948E+03   0.1959652E+02   0.1611423E+01   0.9547759E+00   0.1106008E+01  -0.6368841E+00   0.4373991E-01   0.4081896E-01   0.4090857E-01
0.3561739E+00   0.3557253E+03   0.1964899E+02   0.1603087E+01   0.9512787E+00   0.1100748E+01  -0.6308148E+00   0.4325349E-01   0.4037438E-01   0.4045767E-01
0.3624553E+00   0.3619988E+03   0.1970107E+02   0.1594655E+01   0.9477355E+00   0.1095441E+01  -0.6246760E+00   0.4277948E-01   0.3992879E-01   0.4001315E-01
0.3687794E+00   0.3683150E+03   0.1975276E+02   0.1586110E+01   0.9441463E+00   0.1090089E+01  -0.6184773E+00   0.4231510E-01   0.3949402E-01   0.3957429E-01
0.3751458E+00   0.3746733E+03   0.1980406E+02   0.1577451E+01   0.9405068E+00   0.1084688E+01  -0.6122308E+00   0.4185084E-01   0.3907613E-01   0.3914104E-01
0.3815539E+00   0.3810734E+03   0.1985501E+02   0.1568727E+01   0.9368136E+00   0.1079217E+01  -0.6059322E+00   0.4138864E-01   0.3866974E-01   0.3871338E-01
0.3880036E+00   0.3875149E+03   0.1990561E+02   0.1559965E+01   0.9330667E+00   0.1073658E+01  -0.5995799E+00   0.4093350E-01   0.3827075E-01   0.3829170E-01
0.3944941E+00   0.3939972E+03   0.1995585E+02   0.1551173E+01   0.9292629E+00   0.1068002E+01  -0.5931936E+00   0.4048516E-01   0.3787341E-01   0.3787634E-01
0.4010251E+00   0.4005200E+03   0.2000570E+02   0.1542360E+01   0.9253985E+00   0.1062267E+01  -0.5867792E+00   0.4004822E-01   0.3747341E-01   0.3746631E-01
0.4075962E+00   0.4070829E+03   0.2005515E+02   0.1533503E+01   0.9214724E+00   0.1056495E+01  -0.5803291E+00   0.3960989E-01   0.3707108E-01   0.3705975E-01
0.4142071E+00   0.4136854E+03   0.2010419E+02   0.1524564E+01   0.9174889E+00   0.1050707E+01  -0.5738470E+00   0.3916198E-01   0.3667529E-01   0.3665658E-01
0.4208571E+00   0.4203270E+03   0.2015281E+02   0.1515534E+01   0.9134588E+00   0.1044864E+01  -0.5673299E+00   0.3871970E-01   0.3628400E-01   0.3625804E-01
0.4275459E+00   0.4270074E+03   0.2020102E+02   0.1506432E+01   0.9093890E+00   0.1038964E+01  -0.5607693E+00   0.3828789E-01   0.3589606E-01   0.3586406E-01
0.4342730E+00   0.4337261E+03   0.2024884E+02   0.1497271E+01   0.9052770E+00   0.1033060E+01  -0.5541717E+00   0.3786132E-01   0.3550933E-01   0.3547380E-01
0.4410379E+00   0.4404825E+03   0.2029627E+02   0.1488055E+01   0.9011192E+00   0.1027167E+01  -0.5475490E+00   0.3743996E-01   0.3512434E-01   0.3508758E-01
0.4478403E+00   0.4472763E+03   0.2034330E+02   0.1478777E+01   0.8969158E+00   0.1021264E+01  -0.5409032E+00   0.3702587E-01   0.3474955E-01   0.3470561E-01
0.4546796E+00   0.4541070E+03   0.2038993E+02   0.1469436E+01   0.8926653E+00   0.1015343E+01  -0.5342221E+00   0.3661383E-01   0.3438351E-01   0.3432789E-01
0.4615554E+00   0.4609741E+03   0.2043619E+02   0.1460027E+01   0.8883682E+00   0.1009354E+01  -0.5274836E+00   0.3620603E-01   0.3401406E-01   0.3395433E-01
0.4684673E+00   0.4678773E+03   0.2048207E+02   0.1450536E+01   0.8840289E+00   0.1003227E+01  -0.5206956E+00   0.3581135E-01   0.3365098E-01   0.3358581E-01
0.4754148E+00   0.4748160E+03   0.2052759E+02   0.1440985E+01   0.8796489E+00   0.9969860E+00  -0.5138766E+00   0.3542356E-01   0.3329492E-01   0.3322298E-01
0.4823973E+00   0.4817898E+03   0.2057278E+02   0.1431405E+01   0.8752243E+00   0.9906688E+00  -0.5070162E+00   0.3503482E-01   0.3294771E-01   0.3286480E-01
0.4894145E+00   0.4887981E+03   0.2061764E+02   0.1421819E+01   0.8707492E+00   0.9843128E+00  -0.5001198E+00   0.3464707E-01   0.3259804E-01   0.3250977E-01
0.4964659E+00   0.4958406E+03   0.2066213E+02   0.1412224E+01   0.8662211E+00   0.9779518E+00  -0.4932002E+00   0.3425543E-01   0.3224653E-01   0.3215699E-01
0.5035509E+00   0.5029167E+03   0.2070627E+02   0.1402591E+01   0.8616460E+00   0.9715769E+00  -0.4862459E+00   0.3386644E-01   0.3189540E-01   0.3180650E-01
0.5106692E+00   0.5100261E+03   0.2075003E+02   0.1392915E+01   0.8570353E+00   0.9651774E+00  -0.4792439E+00   0.3349173E-01   0.3154814E-01   0.3145992E-01
0.5178204E+00   0.5171682E+03   0.2079343E+02   0.1383205E+01   0.8523988E+00   0.9587607E+00  -0.4721893E+00   0.3311691E-01   0.3121504E-01   0.3111659E-01
0.5250037E+00   0.5243425E+03   0.2083647E+02   0.1373466E+01   0.8477442E+00   0.9523080E+00  -0.4650784E+00   0.3273773E-01   0.3088556E-01   0.3077538E-01
0.5322188E+00   0.5315485E+03   0.2087916E+02   0.1363706E+01   0.8430827E+00   0.9457991E+00  -0.4579353E+00   0.3236535E-01   0.3055464E-01   0.3043727E-01
0.5394652E+00   0.5387858E+03   0.2092148E+02   0.1353939E+01   0.8384235E+00   0.9392180E+00  -0.4507856E+00   0.3199628E-01   0.3022347E-01   0.3010277E-01
0.5467424E+00   0.5460538E+03   0.2096342E+02   0.1344160E+01   0.8337690E+00   0.9325553E+00  -0.4436260E+00   0.3163578E-01   0.2989628E-01   0.2977170E-01
0.5540500E+00   0.5533523E+03   0.2100499E+02   0.1334344E+01   0.8291108E+00   0.9258710E+00  -0.4364499E+00   0.3128882E-01   0.2957999E-01   0.2944290E-01
0.5613875E+00   0.5606805E+03   0.2104622E+02   0.1324484E+01   0.8244359E+00   0.9192291E+00  -0.4292428E+00   0.3094170E-01   0.2926550E-01   0.2911675E-01
0.5687543E+00   0.5680380E+03   0.2108711E+02   0.1314587E+01   0.8197401E+00   0.9126264E+00  -0.4220024E+00   0.3058664E-01   0.2895444E-01   0.2879410E-01
0.5761499E+00   0.5754243E+03   0.2112766E+02   0.1304649E+01   0.8150245E+00   0.9060478E+00  -0.4147282E+00   0.3023815E-01   0.2864893E-01   0.2847468E-01
0.5835740E+00   0.5828391E+03   0.2116787E+02   0.1294650E+01   0.8102899E+00   0.8995106E+00  -0.4074190E+00   0.2989616E-01   0.2833999E-01   0.2815782E-01
0.5910259E+00   0.5902816E+03   0.2120770E+02   0.1284586E+01   0.8055393E+00   0.8929875E+00  -0.4000650E+00   0.2955735E-01   0.2802531E-01   0.2784448E-01
0.5985051E+00   0.5977513E+03   0.2124711E+02   0.1274438E+01   0.8007796E+00   0.8864369E+00  -0.3926725E+00   0.2922104E-01   0.2770910E-01   0.2753467E-01
0.6060113E+00   0.6052480E+03   0.2128610E+02   0.1264165E+01   0.7960196E+00   0.8798484E+00  -0.3852514E+00   0.2888430E-01   0.2740106E-01   0.2722785E-01
0.6135438E+00   0.6127711E+03   0.2132469E+02   0.1253764E+01   0.7912683E+00   0.8732440E+00  -0.3778022E+00   0.2854708E-01   0.2710463E-01   0.2692426E-01
0.6211022E+00   0.6203200E+03   0.2136288E+02   0.1243283E+01   0.7865291E+00   0.8666329E+00  -0.3703421E+00   0.2821539E-01   0.2682134E-01   0.2662324E-01
0.6286860E+00   0.6278942E+03   0.2140063E+02   0.1232783E+01   0.7818004E+00   0.8600102E+00  -0.3628840E+00   0.2788401E-01   0.2653817E-01   0.2632551E-01
0.6362946E+00   0.6354932E+03   0.2143793E+02   0.1222289E+01   0.7770842E+00   0.8533353E+00  -0.3554275E+00   0.2754879E-01   0.2624965E-01   0.2603141E-01
0.6439275E+00   0.6431165E+03   0.2147477E+02   0.1211786E+01   0.7723875E+00   0.8465925E+00  -0.3479545E+00   0.2722385E-01   0.2596060E-01   0.2574063E-01
0.6515843E+00   0.6507637E+03   0.2151114E+02   0.1201246E+01   0.7677159E+00   0.8398160E+00  -0.3404455E+00   0.2691016E-01   0.2567900E-01   0.2545214E-01
0.6592644E+00   0.6584341E+03   0.2154706E+02   0.1190664E+01   0.7630724E+00   0.8330464E+00  -0.3329090E+00   0.2659988E-01   0.2540224E-01   0.2516594E-01
0.6669673E+00   0.6661273E+03   0.2158249E+02   0.1180027E+01   0.7584580E+00   0.8262823E+00  -0.3253423E+00   0.2628981E-01   0.2512680E-01   0.2488320E-01
0.6746926E+00   0.6738428E+03   0.2161742E+02   0.1169328E+01   0.7538730E+00   0.8194929E+00  -0.3177386E+00   0.2597842E-01   0.2486086E-01   0.2460409E-01
0.6824395E+00   0.6815800E+03   0.2165182E+02   0.1158557E+01   0.7493162E+00   0.8126743E+00  -0.3100977E+00   0.2567097E-01   0.2460106E-01   0.2432892E-01
0.6902077E+00   0.6893384E+03   0.2168570E+02   0.1147697E+01   0.7447838E+00   0.8058493E+00  -0.3024276E+00   0.2537196E-01   0.2434349E-01   0.2405759E-01
0.6979966E+00   0.6971176E+03   0.2171901E+02   0.1136769E+01   0.7402766E+00   0.7990294E+00  -0.2947417E+00   0.2507705E-01   0.2408275E-01   0.2378968E-01
0.7058058E+00   0.7049169E+03   0.2175174E+02   0.1125793E+01   0.7358060E+00   0.7922315E+00  -0.2870439E+00   0.2477604E-01   0.2382841E-01   0.2352596E-01
0.7136347E+00   0.7127359E+03   0.2178388E+02   0.1114771E+01   0.7313896E+00   0.7854862E+00  -0.2793252E+00   0.2447213E-01   0.2358115E-01   0.2326685E-01
0.7214827E+00   0.7205740E+03   0.2181544E+02   0.1103743E+01   0.7270411E+00   0.7787880E+00  -0.2715774E+00   0.2417682E-01   0.2333911E-01   0.2301155E-01
0.7293493E+00   0.7284307E+03   0.2184639E+02   0.1092754E+01   0.7227645E+00   0.7721368E+00  -0.2638111E+00   0.2389060E-01   0.2310282E-01   0.2276048E-01
0.7372341E+00   0.7363057E+03   0.2187669E+02   0.1081815E+01   0.7185581E+00   0.7655275E+00  -0.2560470E+00   0.2361138E-01   0.2287425E-01   0.2251399E-01
0.7451366E+00   0.7441981E+03   0.2190633E+02   0.1070918E+01   0.7144151E+00   0.7589792E+00  -0.2482907E+00   0.2334063E-01   0.2265117E-01   0.2227260E-01
0.7530560E+00   0.7521075E+03   0.2193530E+02   0.1060023E+01   0.7103274E+00   0.7525306E+00  -0.2405304E+00   0.2306718E-01   0.2243503E-01   0.2203602E-01
0.7609919E+00   0.7600335E+03   0.2196362E+02   0.1049130E+01   0.7062950E+00   0.7461957E+00  -0.2327618E+00   0.2279319E-01   0.2222112E-01   0.2180433E-01
0.7689438E+00   0.7679754E+03   0.2199128E+02   0.1038273E+01   0.7023284E+00   0.7399814E+00  -0.2249876E+00   0.2252695E-01   0.2201414E-01   0.2157823E-01
0.7769113E+00   0.7759328E+03   0.2201830E+02   0.1027456E+01   0.6984445E+00   0.7338719E+00  -0.2172035E+00   0.2227141E-01   0.2181455E-01   0.2135710E-01
0.7848936E+00   0.7839052E+03   0.2204466E+02   0.1016676E+01   0.6946567E+00   0.7278678E+00  -0.2093976E+00   0.2202612E-01   0.2161404E-01   0.2114070E-01
0.7928905E+00   0.7918918E+03   0.2207032E+02   0.1005958E+01   0.6909678E+00   0.7219971E+00  -0.2015619E+00   0.2178600E-01   0.2142261E-01   0.2092935E-01
0.8009011E+00   0.7998924E+03   0.2209523E+02   0.9953436E+00   0.6873769E+00   0.7162820E+00  -0.1937078E+00   0.2155205E-01   0.2123781E-01   0.2072305E-01
0.8089250E+00   0.8079062E+03   0.2211934E+02   0.9848743E+00   0.6838859E+00   0.7107134E+00  -0.1858559E+00   0.2132415E-01   0.2105056E-01   0.2052230E-01
0.8169617E+00   0.8159328E+03   0.2214262E+02   0.9745992E+00   0.6805021E+00   0.7052761E+00  -0.1780007E+00   0.2110056E-01   0.2087043E-01   0.2032778E-01
0.8250107E+00   0.8239716E+03   0.2216506E+02   0.9645539E+00   0.6772354E+00   0.6999716E+00  -0.1701306E+00   0.2088600E-01   0.2070343E-01   0.2014009E-01
0.8330714E+00   0.8320222E+03   0.2218662E+02   0.9547567E+00   0.6740916E+00   0.6948084E+00  -0.1622552E+00   0.2067825E-01   0.2054852E-01   0.1995872E-01
0.8411433E+00   0.8400839E+03   0.2220732E+02   0.9451961E+00   0.6710696E+00   0.6897973E+00  -0.1543714E+00   0.2047671E-01   0.2039850E-01   0.1978394E-01
0.8492257E+00   0.8481562E+03   0.2222714E+02   0.9358782E+00   0.6681640E+00   0.6849651E+00  -0.1464757E+00   0.2028072E-01   0.2025312E-01   0.1961601E-01
0.8573183E+00   0.8562386E+03   0.2224605E+02   0.9268503E+00   0.6653741E+00   0.6803099E+00  -0.1385758E+00   0.2008799E-01   0.2011438E-01   0.1945470E-01
0.8654205E+00   0.8643306E+03   0.2226402E+02   0.9181530E+00   0.6627083E+00   0.6758086E+00  -0.1306755E+00   0.1990151E-01   0.1997997E-01   0.1930045E-01
0.8735316E+00   0.8724315E+03   0.2228102E+02   0.9097863E+00   0.6601786E+00   0.6714738E+00  -0.1227714E+00   0.1972337E-01   0.1985149E-01   0.1915378E-01
0.8816513E+00   0.8805409E+03   0.2229705E+02   0.9017403E+00   0.6577904E+00   0.6673626E+00  -0.1148678E+00   0.1955743E-01   0.1973613E-01   0.1901515E-01
0.8897788E+00   0.8886582E+03   0.2231209E+02   0.8940402E+00   0.6555415E+00   0.6635240E+00  -0.1069650E+00   0.1940346E-01   0.1963067E-01   0.1888463E-01
0.8979136E+00   0.8967828E+03   0.2232613E+02   0.8867224E+00   0.6534292E+00   0.6599699E+00  -0.9905481E-01   0.1925516E-01   0.1952819E-01   0.1876208E-01
0.9060555E+00   0.9049143E+03   0.2233914E+02   0.8798120E+00   0.6514536E+00   0.6566862E+00  -0.9113615E-01   0.1911141E-01   0.1943415E-01   0.1864790E-01
0.9142035E+00   0.9130521E+03   0.2235112E+02   0.8733379E+00   0.6496217E+00   0.6536462E+00  -0.8321523E-01   0.1897690E-01   0.1934760E-01   0.1854280E-01
0.9223573E+00   0.9211956E+03   0.2236206E+02   0.8673314E+00   0.6479441E+00   0.6508425E+00  -0.7529955E-01   0.1886072E-01   0.1926972E-01   0.1844642E-01
0.9305162E+00   0.9293443E+03   0.2237195E+02   0.8618073E+00   0.6464282E+00   0.6482909E+00  -0.6738786E-01   0.1875800E-01   0.1919938E-01   0.1835871E-01
0.9386798E+00   0.9374976E+03   0.2238079E+02   0.8567775E+00   0.6450794E+00   0.6459989E+00  -0.5946856E-01   0.1866625E-01   0.1913761E-01   0.1828085E-01
0.9468476E+00   0.9456550E+03   0.2238855E+02   0.8522907E+00   0.6439019E+00   0.6439745E+00  -0.5153845E-01   0.1859273E-01   0.1908422E-01   0.1821349E-01
0.9550189E+00   0.9538161E+03   0.2239523E+02   0.8484110E+00   0.6428941E+00   0.6422433E+00  -0.4360076E-01   0.1853447E-01   0.1903459E-01   0.1815567E-01
0.9631932E+00   0.9619801E+03   0.2240080E+02   0.8451835E+00   0.6420484E+00   0.6408399E+00  -0.3565724E-01   0.1848435E-01   0.1899069E-01   0.1810676E-01
0.9713699E+00   0.9701465E+03   0.2240526E+02   0.8426240E+00   0.6413586E+00   0.6397541E+00  -0.2771486E-01   0.1844040E-01   0.1895216E-01   0.1806725E-01
0.9795486E+00   0.9783149E+03   0.2240859E+02   0.8407347E+00   0.6408252E+00   0.6389427E+00  -0.1978237E-01   0.1840790E-01   0.1892006E-01   0.1803713E-01
0.9877287E+00   0.9864847E+03   0.2241080E+02   0.8394985E+00   0.6404576E+00   0.6383833E+00  -0.1186166E-01   0.1838395E-01   0.1889567E-01   0.1801635E-01
0.9959095E+00   0.9946552E+03   0.2241189E+02   0.8388835E+00   0.6402699E+00   0.6380886E+00  -0.3951854E-02   0.1836986E-01   0.1888227E-01   0.1800534E-01
